0 -1.00005
0.001 -1.00105
0.002 -1.00205
0.003 -1.00305
0.004 -1.00405
0.005 -1.00505
0.006 -1.00605
0.007 -1.00705
0.008 -1.00805
0.009 -1.00904
0.01 -1.01004
0.011 -1.01104
0.012 -1.01204
0.013 -1.01304
0.014 -1.01404
0.015 -1.01504
0.016 -1.01604
0.017 -1.01704
0.018 -1.01804
0.019 -1.01904
0.02 -1.02004
0.021 -1.02104
0.022 -1.02204
0.023 -1.02304
0.024 -1.02404
0.025 -1.02504
0.026 -1.02604
0.027 -1.02704
0.028 -1.02804
0.029 -1.02904
0.03 -1.03004
0.031 -1.03104
0.032 -1.03204
0.033 -1.03304
0.034 -1.03404
0.035 -1.03504
0.036 -1.03604
0.037 -1.03704
0.038 -1.03804
0.039 -1.03904
0.04 -1.04004
0.041 -1.04104
0.042 -1.04204
0.043 -1.04304
0.044 -1.04404
0.045 -1.04504
0.046 -1.04604
0.047 -1.04704
0.048 -1.04804
0.049 -1.04904
0.05 -1.05004
0.051 -1.05104
0.052 -1.05204
0.053 -1.05304
0.054 -1.05404
0.055 -1.05504
0.056 -1.05604
0.057 -1.05704
0.058 -1.05804
0.059 -1.05904
0.06 -1.06004
0.061 -1.06104
0.062 -1.06204
0.063 -1.06304
0.064 -1.06404
0.065 -1.06504
0.066 -1.06604
0.067 -1.06704
0.068 -1.06804
0.069 -1.06904
0.07 -1.07004
0.071 -1.07104
0.072 -1.07204
0.073 -1.07304
0.074 -1.07404
0.075 -1.07504
0.076 -1.07604
0.077 -1.07704
0.078 -1.07804
0.079 -1.07904
0.08 -1.08004
0.081 -1.08104
0.082 -1.08204
0.083 -1.08304
0.084 -1.08404
0.085 -1.08504
0.086 -1.08604
0.087 -1.08704
0.088 -1.08804
0.089 -1.08904
0.09 -1.09004
0.091 -1.09104
0.092 -1.09204
0.093 -1.09304
0.094 -1.09404
0.095 -1.09504
0.096 -1.09604
0.097 -1.09704
0.098 -1.09804
0.099 -1.09904
0.1 -1.10004
0.101 -1.10104
0.102 -1.10204
0.103 -1.10304
0.104 -1.10404
0.105 -1.10504
0.106 -1.10604
0.107 -1.10704
0.108 -1.10804
0.109 -1.10904
0.11 -1.11004
0.111 -1.11104
0.112 -1.11204
0.113 -1.11304
0.114 -1.11404
0.115 -1.11504
0.116 -1.11604
0.117 -1.11704
0.118 -1.11804
0.119 -1.11904
0.12 -1.12004
0.121 -1.12104
0.122 -1.12204
0.123 -1.12304
0.124 -1.12404
0.125 -1.12504
0.126 -1.12604
0.127 -1.12704
0.128 -1.12804
0.129 -1.12904
0.13 -1.13004
0.131 -1.13104
0.132 -1.13204
0.133 -1.13304
0.134 -1.13404
0.135 -1.13504
0.136 -1.13604
0.137 -1.13704
0.138 -1.13804
0.139 -1.13904
0.14 -1.14004
0.141 -1.14104
0.142 -1.14204
0.143 -1.14304
0.144 -1.14404
0.145 -1.14504
0.146 -1.14604
0.147 -1.14704
0.148 -1.14804
0.149 -1.14904
0.15 -1.15004
0.151 -1.15104
0.152 -1.15204
0.153 -1.15304
0.154 -1.15404
0.155 -1.15504
0.156 -1.15604
0.157 -1.15704
0.158 -1.15804
0.159 -1.15904
0.16 -1.16004
0.161 -1.16104
0.162 -1.16204
0.163 -1.16304
0.164 -1.16404
0.165 -1.16504
0.166 -1.16604
0.167 -1.16704
0.168 -1.16804
0.169 -1.16904
0.17 -1.17004
0.171 -1.17104
0.172 -1.17204
0.173 -1.17304
0.174 -1.17404
0.175 -1.17504
0.176 -1.17604
0.177 -1.17704
0.178 -1.17804
0.179 -1.17904
0.18 -1.18004
0.181 -1.18104
0.182 -1.18204
0.183 -1.18304
0.184 -1.18404
0.185 -1.18504
0.186 -1.18604
0.187 -1.18704
0.188 -1.18804
0.189 -1.18904
0.19 -1.19004
0.191 -1.19104
0.192 -1.19204
0.193 -1.19304
0.194 -1.19404
0.195 -1.19504
0.196 -1.19604
0.197 -1.19704
0.198 -1.19804
0.199 -1.19904
0.2 -1.20004
0.201 -1.20104
0.202 -1.20204
0.203 -1.20304
0.204 -1.20404
0.205 -1.20504
0.206 -1.20604
0.207 -1.20704
0.208 -1.20804
0.209 -1.20904
0.21 -1.21004
0.211 -1.21104
0.212 -1.21204
0.213 -1.21304
0.214 -1.21404
0.215 -1.21504
0.216 -1.21604
0.217 -1.21704
0.218 -1.21804
0.219 -1.21904
0.22 -1.22004
0.221 -1.22104
0.222 -1.22204
0.223 -1.22304
0.224 -1.22404
0.225 -1.22504
0.226 -1.22604
0.227 -1.22704
0.228 -1.22804
0.229 -1.22904
0.23 -1.23003
0.231 -1.23103
0.232 -1.23203
0.233 -1.23303
0.234 -1.23403
0.235 -1.23503
0.236 -1.23603
0.237 -1.23703
0.238 -1.23803
0.239 -1.23903
0.24 -1.24003
0.241 -1.24103
0.242 -1.24203
0.243 -1.24303
0.244 -1.24403
0.245 -1.24503
0.246 -1.24603
0.247 -1.24703
0.248 -1.24803
0.249 -1.24903
0.25 -1.25003
0.251 -1.25103
0.252 -1.25203
0.253 -1.25303
0.254 -1.25403
0.255 -1.25503
0.256 -1.25603
0.257 -1.25703
0.258 -1.25803
0.259 -1.25903
0.26 -1.26003
0.261 -1.26103
0.262 -1.26203
0.263 -1.26303
0.264 -1.26403
0.265 -1.26503
0.266 -1.26603
0.267 -1.26703
0.268 -1.26803
0.269 -1.26903
0.27 -1.27003
0.271 -1.27103
0.272 -1.27203
0.273 -1.27303
0.274 -1.27403
0.275 -1.27503
0.276 -1.27603
0.277 -1.27703
0.278 -1.27803
0.279 -1.27903
0.28 -1.28003
0.281 -1.28103
0.282 -1.28203
0.283 -1.28303
0.284 -1.28403
0.285 -1.28503
0.286 -1.28603
0.287 -1.28703
0.288 -1.28803
0.289 -1.28903
0.29 -1.29003
0.291 -1.29103
0.292 -1.29203
0.293 -1.29303
0.294 -1.29403
0.295 -1.29503
0.296 -1.29603
0.297 -1.29703
0.298 -1.29803
0.299 -1.29903
0.3 -1.30003
0.301 -1.30103
0.302 -1.30203
0.303 -1.30303
0.304 -1.30403
0.305 -1.30503
0.306 -1.30603
0.307 -1.30703
0.308 -1.30803
0.309 -1.30903
0.31 -1.31003
0.311 -1.31103
0.312 -1.31203
0.313 -1.31303
0.314 -1.31403
0.315 -1.31503
0.316 -1.31603
0.317 -1.31703
0.318 -1.31803
0.319 -1.31903
0.32 -1.32003
0.321 -1.32103
0.322 -1.32203
0.323 -1.32303
0.324 -1.32403
0.325 -1.32503
0.326 -1.32603
0.327 -1.32703
0.328 -1.32803
0.329 -1.32903
0.33 -1.33003
0.331 -1.33103
0.332 -1.33203
0.333 -1.33303
0.334 -1.33403
0.335 -1.33503
0.336 -1.33603
0.337 -1.33703
0.338 -1.33803
0.339 -1.33903
0.34 -1.34003
0.341 -1.34103
0.342 -1.34203
0.343 -1.34303
0.344 -1.34403
0.345 -1.34503
0.346 -1.34603
0.347 -1.34703
0.348 -1.34803
0.349 -1.34903
0.35 -1.35003
0.351 -1.35103
0.352 -1.35203
0.353 -1.35303
0.354 -1.35403
0.355 -1.35503
0.356 -1.35603
0.357 -1.35703
0.358 -1.35803
0.359 -1.35903
0.36 -1.36003
0.361 -1.36103
0.362 -1.36203
0.363 -1.36303
0.364 -1.36403
0.365 -1.36503
0.366 -1.36603
0.367 -1.36703
0.368 -1.36803
0.369 -1.36903
0.37 -1.37003
0.371 -1.37103
0.372 -1.37203
0.373 -1.37303
0.374 -1.37403
0.375 -1.37503
0.376 -1.37603
0.377 -1.37703
0.378 -1.37803
0.379 -1.37903
0.38 -1.38003
0.381 -1.38103
0.382 -1.38203
0.383 -1.38303
0.384 -1.38403
0.385 -1.38503
0.386 -1.38603
0.387 -1.38703
0.388 -1.38803
0.389 -1.38903
0.39 -1.39003
0.391 -1.39103
0.392 -1.39203
0.393 -1.39303
0.394 -1.39403
0.395 -1.39503
0.396 -1.39603
0.397 -1.39703
0.398 -1.39803
0.399 -1.39903
0.4 -1.40003
0.401 -1.40103
0.402 -1.40203
0.403 -1.40303
0.404 -1.40403
0.405 -1.40503
0.406 -1.40603
0.407 -1.40703
0.408 -1.40803
0.409 -1.40903
0.41 -1.41003
0.411 -1.41103
0.412 -1.41203
0.413 -1.41303
0.414 -1.41403
0.415 -1.41503
0.416 -1.41603
0.417 -1.41703
0.418 -1.41803
0.419 -1.41903
0.42 -1.42003
0.421 -1.42103
0.422 -1.42203
0.423 -1.42303
0.424 -1.42403
0.425 -1.42503
0.426 -1.42603
0.427 -1.42703
0.428 -1.42803
0.429 -1.42903
0.43 -1.43003
0.431 -1.43103
0.432 -1.43203
0.433 -1.43303
0.434 -1.43403
0.435 -1.43503
0.436 -1.43603
0.437 -1.43703
0.438 -1.43803
0.439 -1.43903
0.44 -1.44003
0.441 -1.44103
0.442 -1.44203
0.443 -1.44303
0.444 -1.44403
0.445 -1.44503
0.446 -1.44603
0.447 -1.44703
0.448 -1.44803
0.449 -1.44903
0.45 -1.45002
0.451 -1.45102
0.452 -1.45202
0.453 -1.45302
0.454 -1.45402
0.455 -1.45502
0.456 -1.45602
0.457 -1.45702
0.458 -1.45802
0.459 -1.45902
0.46 -1.46002
0.461 -1.46102
0.462 -1.46202
0.463 -1.46302
0.464 -1.46402
0.465 -1.46502
0.466 -1.46602
0.467 -1.46702
0.468 -1.46802
0.469 -1.46902
0.47 -1.47002
0.471 -1.47102
0.472 -1.47202
0.473 -1.47302
0.474 -1.47402
0.475 -1.47502
0.476 -1.47602
0.477 -1.47702
0.478 -1.47802
0.479 -1.47902
0.48 -1.48002
0.481 -1.48102
0.482 -1.48202
0.483 -1.48302
0.484 -1.48402
0.485 -1.48502
0.486 -1.48602
0.487 -1.48702
0.488 -1.48802
0.489 -1.48902
0.49 -1.49002
0.491 -1.49102
0.492 -1.49202
0.493 -1.49302
0.494 -1.49402
0.495 -1.49502
0.496 -1.49602
0.497 -1.49702
0.498 -1.49802
0.499 -1.49902
0.5 -1.50002
0.501 -1.50102
0.502 -1.50202
0.503 -1.50302
0.504 -1.50402
0.505 -1.50502
0.506 -1.50602
0.507 -1.50702
0.508 -1.50802
0.509 -1.50902
0.51 -1.51002
0.511 -1.51102
0.512 -1.51202
0.513 -1.51302
0.514 -1.51402
0.515 -1.51502
0.516 -1.51602
0.517 -1.51702
0.518 -1.51802
0.519 -1.51902
0.52 -1.52002
0.521 -1.52102
0.522 -1.52202
0.523 -1.52302
0.524 -1.52402
0.525 -1.52502
0.526 -1.52602
0.527 -1.52702
0.528 -1.52802
0.529 -1.52902
0.53 -1.53002
0.531 -1.53102
0.532 -1.53202
0.533 -1.53302
0.534 -1.53402
0.535 -1.53502
0.536 -1.53602
0.537 -1.53702
0.538 -1.53802
0.539 -1.53902
0.54 -1.54002
0.541 -1.54102
0.542 -1.54202
0.543 -1.54302
0.544 -1.54402
0.545 -1.54502
0.546 -1.54602
0.547 -1.54702
0.548 -1.54802
0.549 -1.54902
0.55 -1.55002
0.551 -1.55102
0.552 -1.55202
0.553 -1.55302
0.554 -1.55402
0.555 -1.55502
0.556 -1.55602
0.557 -1.55702
0.558 -1.55802
0.559 -1.55902
0.56 -1.56002
0.561 -1.56102
0.562 -1.56202
0.563 -1.56302
0.564 -1.56402
0.565 -1.56502
0.566 -1.56602
0.567 -1.56702
0.568 -1.56802
0.569 -1.56902
0.57 -1.57002
0.571 -1.57102
0.572 -1.57202
0.573 -1.57302
0.574 -1.57402
0.575 -1.57502
0.576 -1.57602
0.577 -1.57702
0.578 -1.57802
0.579 -1.57902
0.58 -1.58002
0.581 -1.58102
0.582 -1.58202
0.583 -1.58302
0.584 -1.58402
0.585 -1.58502
0.586 -1.58602
0.587 -1.58702
0.588 -1.58802
0.589 -1.58902
0.59 -1.59002
0.591 -1.59102
0.592 -1.59202
0.593 -1.59302
0.594 -1.59402
0.595 -1.59502
0.596 -1.59602
0.597 -1.59702
0.598 -1.59802
0.599 -1.59902
0.6 -1.60002
0.601 -1.60102
0.602 -1.60202
0.603 -1.60302
0.604 -1.60402
0.605 -1.60502
0.606 -1.60602
0.607 -1.60702
0.608 -1.60802
0.609 -1.60902
0.61 -1.61002
0.611 -1.61102
0.612 -1.61202
0.613 -1.61302
0.614 -1.61402
0.615 -1.61502
0.616 -1.61602
0.617 -1.61702
0.618 -1.61802
0.619 -1.61902
0.62 -1.62002
0.621 -1.62102
0.622 -1.62202
0.623 -1.62302
0.624 -1.62402
0.625 -1.62502
0.626 -1.62602
0.627 -1.62702
0.628 -1.62802
0.629 -1.62902
0.63 -1.63002
0.631 -1.63102
0.632 -1.63202
0.633 -1.63302
0.634 -1.63402
0.635 -1.63502
0.636 -1.63602
0.637 -1.63702
0.638 -1.63802
0.639 -1.63902
0.64 -1.64002
0.641 -1.64102
0.642 -1.64202
0.643 -1.64302
0.644 -1.64402
0.645 -1.64502
0.646 -1.64602
0.647 -1.64702
0.648 -1.64802
0.649 -1.64902
0.65 -1.65002
0.651 -1.65102
0.652 -1.65202
0.653 -1.65302
0.654 -1.65402
0.655 -1.65502
0.656 -1.65602
0.657 -1.65702
0.658 -1.65802
0.659 -1.65902
0.66 -1.66002
0.661 -1.66102
0.662 -1.66202
0.663 -1.66302
0.664 -1.66402
0.665 -1.66502
0.666 -1.66602
0.667 -1.66702
0.668 -1.66802
0.669 -1.66902
0.67 -1.67001
0.671 -1.67101
0.672 -1.67201
0.673 -1.67301
0.674 -1.67401
0.675 -1.67501
0.676 -1.67601
0.677 -1.67701
0.678 -1.67801
0.679 -1.67901
0.68 -1.68001
0.681 -1.68101
0.682 -1.68201
0.683 -1.68301
0.684 -1.68401
0.685 -1.68501
0.686 -1.68601
0.687 -1.68701
0.688 -1.68801
0.689 -1.68901
0.69 -1.69001
0.691 -1.69101
0.692 -1.69201
0.693 -1.69301
0.694 -1.69401
0.695 -1.69501
0.696 -1.69601
0.697 -1.69701
0.698 -1.69801
0.699 -1.69901
0.7 -1.70001
0.701 -1.70101
0.702 -1.70201
0.703 -1.70301
0.704 -1.70401
0.705 -1.70501
0.706 -1.70601
0.707 -1.70701
0.708 -1.70801
0.709 -1.70901
0.71 -1.71001
0.711 -1.71101
0.712 -1.71201
0.713 -1.71301
0.714 -1.71401
0.715 -1.71501
0.716 -1.71601
0.717 -1.71701
0.718 -1.71801
0.719 -1.71901
0.72 -1.72001
0.721 -1.72101
0.722 -1.72201
0.723 -1.72301
0.724 -1.72401
0.725 -1.72501
0.726 -1.72601
0.727 -1.72701
0.728 -1.72801
0.729 -1.72901
0.73 -1.73001
0.731 -1.73101
0.732 -1.73201
0.733 -1.73301
0.734 -1.73401
0.735 -1.73501
0.736 -1.73601
0.737 -1.73701
0.738 -1.73801
0.739 -1.73901
0.74 -1.74001
0.741 -1.74101
0.742 -1.74201
0.743 -1.74301
0.744 -1.74401
0.745 -1.74501
0.746 -1.74601
0.747 -1.74701
0.748 -1.74801
0.749 -1.74901
0.75 -1.75001
0.751 -1.75101
0.752 -1.75201
0.753 -1.75301
0.754 -1.75401
0.755 -1.75501
0.756 -1.75601
0.757 -1.75701
0.758 -1.75801
0.759 -1.75901
0.76 -1.76001
0.761 -1.76101
0.762 -1.76201
0.763 -1.76301
0.764 -1.76401
0.765 -1.76501
0.766 -1.76601
0.767 -1.76701
0.768 -1.76801
0.769 -1.76901
0.77 -1.77001
0.771 -1.77101
0.772 -1.77201
0.773 -1.77301
0.774 -1.77401
0.775 -1.77501
0.776 -1.77601
0.777 -1.77701
0.778 -1.77801
0.779 -1.77901
0.78 -1.78001
0.781 -1.78101
0.782 -1.78201
0.783 -1.78301
0.784 -1.78401
0.785 -1.78501
0.786 -1.78601
0.787 -1.78701
0.788 -1.78801
0.789 -1.78901
0.79 -1.79001
0.791 -1.79101
0.792 -1.79201
0.793 -1.79301
0.794 -1.79401
0.795 -1.79501
0.796 -1.79601
0.797 -1.79701
0.798 -1.79801
0.799 -1.79901
0.8 -1.80001
0.801 -1.80101
0.802 -1.80201
0.803 -1.80301
0.804 -1.80401
0.805 -1.80501
0.806 -1.80601
0.807 -1.80701
0.808 -1.80801
0.809 -1.80901
0.81 -1.81001
0.811 -1.81101
0.812 -1.81201
0.813 -1.81301
0.814 -1.81401
0.815 -1.81501
0.816 -1.81601
0.817 -1.81701
0.818 -1.81801
0.819 -1.81901
0.82 -1.82001
0.821 -1.82101
0.822 -1.82201
0.823 -1.82301
0.824 -1.82401
0.825 -1.82501
0.826 -1.82601
0.827 -1.82701
0.828 -1.82801
0.829 -1.82901
0.83 -1.83001
0.831 -1.83101
0.832 -1.83201
0.833 -1.83301
0.834 -1.83401
0.835 -1.83501
0.836 -1.83601
0.837 -1.83701
0.838 -1.83801
0.839 -1.83901
0.84 -1.84001
0.841 -1.84101
0.842 -1.84201
0.843 -1.84301
0.844 -1.84401
0.845 -1.84501
0.846 -1.84601
0.847 -1.84701
0.848 -1.84801
0.849 -1.84901
0.85 -1.85001
0.851 -1.85101
0.852 -1.85201
0.853 -1.85301
0.854 -1.85401
0.855 -1.85501
0.856 -1.85601
0.857 -1.85701
0.858 -1.85801
0.859 -1.85901
0.86 -1.86001
0.861 -1.86101
0.862 -1.86201
0.863 -1.86301
0.864 -1.86401
0.865 -1.86501
0.866 -1.86601
0.867 -1.86701
0.868 -1.86801
0.869 -1.86901
0.87 -1.87001
0.871 -1.87101
0.872 -1.87201
0.873 -1.87301
0.874 -1.87401
0.875 -1.87501
0.876 -1.87601
0.877 -1.87701
0.878 -1.87801
0.879 -1.87901
0.88 -1.88001
0.881 -1.88101
0.882 -1.88201
0.883 -1.88301
0.884 -1.88401
0.885 -1.88501
0.886 -1.88601
0.887 -1.88701
0.888 -1.88801
0.889 -1.88901
0.89 -1.89
0.891 -1.891
0.892 -1.892
0.893 -1.893
0.894 -1.894
0.895 -1.895
0.896 -1.896
0.897 -1.897
0.898 -1.898
0.899 -1.899
0.9 -1.9
0.901 -1.901
0.902 -1.902
0.903 -1.903
0.904 -1.904
0.905 -1.905
0.906 -1.906
0.907 -1.907
0.908 -1.908
0.909 -1.909
0.91 -1.91
0.911 -1.911
0.912 -1.912
0.913 -1.913
0.914 -1.914
0.915 -1.915
0.916 -1.916
0.917 -1.917
0.918 -1.918
0.919 -1.919
0.92 -1.92
0.921 -1.921
0.922 -1.922
0.923 -1.923
0.924 -1.924
0.925 -1.925
0.926 -1.926
0.927 -1.927
0.928 -1.928
0.929 -1.929
0.93 -1.93
0.931 -1.931
0.932 -1.932
0.933 -1.933
0.934 -1.934
0.935 -1.935
0.936 -1.936
0.937 -1.937
0.938 -1.938
0.939 -1.939
0.94 -1.94
0.941 -1.941
0.942 -1.942
0.943 -1.943
0.944 -1.944
0.945 -1.945
0.946 -1.946
0.947 -1.947
0.948 -1.948
0.949 -1.949
0.95 -1.95
0.951 -1.951
0.952 -1.952
0.953 -1.953
0.954 -1.954
0.955 -1.955
0.956 -1.956
0.957 -1.957
0.958 -1.958
0.959 -1.959
0.96 -1.96
0.961 -1.961
0.962 -1.962
0.963 -1.963
0.964 -1.964
0.965 -1.965
0.966 -1.966
0.967 -1.967
0.968 -1.968
0.969 -1.969
0.97 -1.97
0.971 -1.971
0.972 -1.972
0.973 -1.973
0.974 -1.974
0.975 -1.975
0.976 -1.976
0.977 -1.977
0.978 -1.978
0.979 -1.979
0.98 -1.98
0.981 -1.981
0.982 -1.982
0.983 -1.983
0.984 -1.984
0.985 -1.985
0.986 -1.986
0.987 -1.987
0.988 -1.988
0.989 -1.989
0.99 -1.99
0.991 -1.991
0.992 -1.992
0.993 -1.993
0.994 -1.994
0.995 -1.995
0.996 -1.996
0.997 -1.997
0.998 -1.998
0.999 -1.999
1 -2
