0  0
0.00666667  0.0696956
0.0133333  0.0977334
0.02  0.122745
0.0266667  0.145486
0.0333333  0.166411
0.04  0.185823
0.0466667  0.203937
0.0533333  0.220917
0.06  0.236888
0.0666667  0.251951
0.0733333  0.266188
0.08  0.279669
0.0866667  0.292451
0.0933333  0.304585
0.1  0.316113
0.106667  0.327074
0.113333  0.3375
0.12  0.347423
0.126667  0.356867
0.133333  0.365857
0.14  0.374415
0.146667  0.382561
0.153333  0.390311
0.16  0.397683
0.166667  0.404692
0.173333  0.411352
0.18  0.417675
0.186667  0.423674
0.193333  0.429361
0.2  0.434744
0.206667  0.439834
0.213333  0.444641
0.22  0.449173
0.226667  0.453437
0.233333  0.457442
0.24  0.461195
0.246667  0.464703
0.253333  0.467971
0.26  0.471007
0.266667  0.473815
0.273333  0.476403
0.28  0.478774
0.286667  0.480933
0.293333  0.482887
0.3  0.484639
0.306667  0.486193
0.313333  0.487554
0.32  0.488726
0.326667  0.489713
0.333333  0.490518
0.34  0.491145
0.346667  0.491597
0.353333  0.491878
0.36  0.491991
0.366667  0.491939
0.373333  0.491725
0.38  0.491351
0.386667  0.490821
0.393333  0.490137
0.4  0.489302
0.406667  0.488318
0.413333  0.487187
0.42  0.485912
0.426667  0.484495
0.433333  0.482939
0.44  0.481245
0.446667  0.479416
0.453333  0.477453
0.46  0.475358
0.466667  0.473134
0.473333  0.470782
0.48  0.468303
0.486667  0.465701
0.493333  0.462975
0.5  0.460129
0.506667  0.457163
0.513333  0.454079
0.52  0.450879
0.526667  0.447564
0.533333  0.444135
0.54  0.440594
0.546667  0.436943
0.553333  0.433182
0.56  0.429313
0.566667  0.425337
0.573333  0.421255
0.58  0.41707
0.586667  0.412781
0.593333  0.40839
0.6  0.403898
0.606667  0.399306
0.613333  0.394616
0.62  0.389828
0.626667  0.384943
0.633333  0.379963
0.64  0.374888
0.646667  0.36972
0.653333  0.364459
0.66  0.359106
0.666667  0.353663
0.673333  0.348129
0.68  0.342507
0.686667  0.336796
0.693333  0.330998
0.7  0.325114
0.706667  0.319144
0.713333  0.313089
0.72  0.30695
0.726667  0.300728
0.733333  0.294423
0.74  0.288036
0.746667  0.281569
0.753333  0.275021
0.76  0.268393
0.766667  0.261686
0.773333  0.254901
0.78  0.248039
0.786667  0.241099
0.793333  0.234083
0.8  0.226992
0.806667  0.219826
0.813333  0.212585
0.82  0.20527
0.826667  0.197882
0.833333  0.190421
0.84  0.182889
0.846667  0.175284
0.853333  0.167609
0.86  0.159864
0.866667  0.152049
0.873333  0.144164
0.88  0.13621
0.886667  0.128189
0.893333  0.120099
0.9  0.111942
0.906667  0.103719
0.913333  0.0954292
0.92  0.0870736
0.926667  0.0786528
0.933333  0.070167
0.94  0.0616169
0.946667  0.0530028
0.953333  0.0443252
0.96  0.0355845
0.966667  0.0267813
0.973333  0.0179158
0.98  0.00898858
0.986667  0
0.993333  0
