0  0
0.00526316  0.0739883
0.0105263  0.104172
0.0157895  0.13133
0.0210526  0.156217
0.0263158  0.179289
0.0315789  0.200847
0.0368421  0.221108
0.0421053  0.240234
0.0473684  0.258351
0.0526316  0.27556
0.0578947  0.291944
0.0631579  0.307571
0.0684211  0.3225
0.0736842  0.33678
0.0789474  0.350454
0.0842105  0.363562
0.0894737  0.376135
0.0947368  0.388203
0.1  0.399794
0.105263  0.410931
0.110526  0.421635
0.115789  0.431927
0.121053  0.441823
0.126316  0.451342
0.131579  0.460497
0.136842  0.469303
0.142105  0.477773
0.147368  0.485918
0.152632  0.493751
0.157895  0.501281
0.163158  0.508517
0.168421  0.51547
0.173684  0.522148
0.178947  0.528559
0.184211  0.534711
0.189474  0.54061
0.194737  0.546264
0.2  0.551678
0.205263  0.55686
0.210526  0.561815
0.215789  0.566549
0.221053  0.571066
0.226316  0.575373
0.231579  0.579472
0.236842  0.58337
0.242105  0.587071
0.247368  0.590579
0.252632  0.593897
0.257895  0.59703
0.263158  0.599981
0.268421  0.602755
0.273684  0.605354
0.278947  0.607781
0.284211  0.61004
0.289474  0.612134
0.294737  0.614067
0.3  0.615839
0.305263  0.617455
0.310526  0.618918
0.315789  0.620229
0.321053  0.621391
0.326316  0.622407
0.331579  0.623278
0.336842  0.624008
0.342105  0.624598
0.347368  0.62505
0.352632  0.625367
0.357895  0.62555
0.363158  0.625602
0.368421  0.625524
0.373684  0.625318
0.378947  0.624986
0.384211  0.62453
0.389474  0.623951
0.394737  0.623251
0.4  0.622431
0.405263  0.621494
0.410526  0.62044
0.415789  0.619271
0.421053  0.617989
0.426316  0.616594
0.431579  0.615089
0.436842  0.613475
0.442105  0.611752
0.447368  0.609922
0.452632  0.607987
0.457895  0.605948
0.463158  0.603805
0.468421  0.601561
0.473684  0.599215
0.478947  0.59677
0.484211  0.594226
0.489474  0.591584
0.494737  0.588846
0.5  0.586012
0.505263  0.583084
0.510526  0.580062
0.515789  0.576947
0.521053  0.573741
0.526316  0.570443
0.531579  0.567056
0.536842  0.56358
0.542105  0.560016
0.547368  0.556364
0.552632  0.552626
0.557895  0.548803
0.563158  0.544894
0.568421  0.540901
0.573684  0.536826
0.578947  0.532667
0.584211  0.528427
0.589474  0.524105
0.594737  0.519704
0.6  0.515222
0.605263  0.510662
0.610526  0.506023
0.615789  0.501307
0.621053  0.496514
0.626316  0.491645
0.631579  0.4867
0.636842  0.481679
0.642105  0.476585
0.647368  0.471416
0.652632  0.466175
0.657895  0.46086
0.663158  0.455474
0.668421  0.450016
0.673684  0.444488
0.678947  0.438888
0.684211  0.433219
0.689474  0.427481
0.694737  0.421674
0.7  0.415799
0.705263  0.409855
0.710526  0.403845
0.715789  0.397768
0.721053  0.391625
0.726316  0.385415
0.731579  0.379141
0.736842  0.372801
0.742105  0.366398
0.747368  0.35993
0.752632  0.353399
0.757895  0.346804
0.763158  0.340147
0.768421  0.333428
0.773684  0.326647
0.778947  0.319805
0.784211  0.312902
0.789474  0.305938
0.794737  0.298914
0.8  0.291831
0.805263  0.284688
0.810526  0.277486
0.815789  0.270226
0.821053  0.262907
0.826316  0.25553
0.831579  0.248096
0.836842  0.240605
0.842105  0.233057
0.847368  0.225453
0.852632  0.217793
0.857895  0.210077
0.863158  0.202306
0.868421  0.194479
0.873684  0.186598
0.878947  0.178663
0.884211  0.170673
0.889474  0.16263
0.894737  0.154533
0.9  0.146384
0.905263  0.138181
0.910526  0.129926
0.915789  0.121619
0.921053  0.11326
0.926316  0.104849
0.931579  0.0963872
0.936842  0.0878742
0.942105  0.0793105
0.947368  0.0706964
0.952632  0.0620321
0.957895  0.0533179
0.963158  0.044554
0.968421  0.0357409
0.973684  0.0268786
0.978947  0.0179675
0.984211  0.00900792
0.989474  0
0.994737  0
