0  0
0.00833333  0.0352499
0.0166667  0.0430134
0.025  0.0472134
0.0333333  0.0491996
0.0416667  0.049737
0.05  0.0493018
0.0583333  0.0482089
0.0666667  0.0466742
0.075  0.0448502
0.0833333  0.042846
0.0916667  0.0407409
0.1  0.0385928
0.108333  0.0364436
0.116667  0.034324
0.125  0.032256
0.133333  0.030255
0.141667  0.0283316
0.15  0.0264925
0.158333  0.0247418
0.166667  0.0230813
0.175  0.021511
0.183333  0.02003
0.191667  0.0186363
0.2  0.0173273
0.208333  0.0160999
0.216667  0.0149508
0.225  0.0138763
0.233333  0.0128728
0.241667  0.0119366
0.25  0.0110639
0.258333  0.0102512
0.266667  0.00949488
0.275  0.00879152
0.283333  0.00813782
0.291667  0.00753062
0.3  0.00696691
0.308333  0.00644383
0.316667  0.00595866
0.325  0.00550883
0.333333  0.00509194
0.341667  0.0047057
0.35  0.00434797
0.358333  0.00401676
0.366667  0.00371017
0.375  0.00342646
0.383333  0.00316398
0.391667  0.0029212
0.4  0.00269668
0.408333  0.0024891
0.416667  0.00229721
0.425  0.00211986
0.433333  0.00195598
0.441667  0.00180456
0.45  0.00166467
0.458333  0.00153547
0.466667  0.00141614
0.475  0.00130595
0.483333  0.00120421
0.491667  0.00111028
0.5  0.00102357
0.508333  0.000943536
0.516667  0.000869668
0.525  0.000801497
0.533333  0.000738591
0.541667  0.000680546
0.55  0.000626991
0.558333  0.000577582
0.566667  0.000532002
0.575  0.000489956
0.583333  0.000451172
0.591667  0.0004154
0.6  0.000382407
0.608333  0.000351979
0.616667  0.000323917
0.625  0.000298039
0.633333  0.000274175
0.641667  0.00025217
0.65  0.000231879
0.658333  0.00021317
0.666667  0.000195918
0.675  0.000180012
0.683333  0.000165347
0.691667  0.000151825
0.7  0.000139357
0.708333  0.000127862
0.716667  0.000117264
0.725  0.000107492
0.733333  9.84826e-05
0.741667  9.01753e-05
0.75  8.25156e-05
0.758333  7.54527e-05
0.766667  6.894e-05
0.775  6.29343e-05
0.783333  5.73959e-05
0.791667  5.22882e-05
0.8  4.75774e-05
0.808333  4.32323e-05
0.816667  3.92243e-05
0.825  3.55268e-05
0.833333  3.21156e-05
0.841667  2.8968e-05
0.85  2.60633e-05
0.858333  2.33826e-05
0.866667  2.0908e-05
0.875  1.86235e-05
0.883333  1.65139e-05
0.891667  1.45657e-05
0.9  1.2766e-05
0.908333  1.11032e-05
0.916667  9.5664e-06
0.925  8.14575e-06
0.933333  6.83207e-06
0.941667  5.61692e-06
0.95  4.49252e-06
0.958333  3.45172e-06
0.966667  2.48791e-06
0.975  1.59501e-06
0.983333  7.67429e-07
0.991667  0
