0  0
0.00625  586.591
0.0125  735.946
0.01875  830.383
0.025  888.889
0.03125  922.465
0.0375  938.147
0.04375  940.729
0.05  933.618
0.05625  919.309
0.0625  899.674
0.06875  876.138
0.075  849.8
0.08125  821.518
0.0875  791.96
0.09375  761.655
0.1  731.017
0.10625  700.373
0.1125  669.98
0.11875  640.036
0.125  610.698
0.13125  582.082
0.1375  554.278
0.14375  527.348
0.15  501.339
0.15625  476.277
0.1625  452.18
0.16875  429.051
0.175  406.888
0.18125  385.681
0.1875  365.415
0.19375  346.069
0.2  327.621
0.20625  310.045
0.2125  293.315
0.21875  277.402
0.225  262.276
0.23125  247.908
0.2375  234.269
0.24375  221.326
0.25  209.053
0.25625  197.418
0.2625  186.395
0.26875  175.954
0.275  166.068
0.28125  156.712
0.2875  147.859
0.29375  139.486
0.3  131.568
0.30625  124.083
0.3125  117.008
0.31875  110.323
0.325  104.008
0.33125  98.0437
0.3375  92.4112
0.34375  87.0933
0.35  82.0734
0.35625  77.3354
0.3625  72.8643
0.36875  68.6457
0.375  64.6659
0.38125  60.9118
0.3875  57.3711
0.39375  54.0321
0.4  50.8837
0.40625  47.9152
0.4125  45.1168
0.41875  42.4789
0.425  39.9926
0.43125  37.6494
0.4375  35.4412
0.44375  33.3604
0.45  31.3999
0.45625  29.5528
0.4625  27.8126
0.46875  26.1734
0.475  24.6294
0.48125  23.1751
0.4875  21.8054
0.49375  20.5154
0.5  19.3006
0.50625  18.1567
0.5125  17.0796
0.51875  16.0654
0.525  15.1105
0.53125  14.2115
0.5375  13.3652
0.54375  12.5684
0.55  11.8183
0.55625  11.1123
0.5625  10.4477
0.56875  9.82219
0.575  9.23341
0.58125  8.67925
0.5875  8.1577
0.59375  7.66684
0.6  7.20489
0.60625  6.77015
0.6125  6.36103
0.61875  5.97603
0.625  5.61373
0.63125  5.27281
0.6375  4.952
0.64375  4.65012
0.65  4.36607
0.65625  4.0988
0.6625  3.8473
0.66875  3.61067
0.675  3.38801
0.68125  3.17851
0.6875  2.98139
0.69375  2.79591
0.7  2.6214
0.70625  2.4572
0.7125  2.3027
0.71875  2.15733
0.725  2.02055
0.73125  1.89185
0.7375  1.77076
0.74375  1.65681
0.75  1.54959
0.75625  1.4487
0.7625  1.35376
0.76875  1.26442
0.775  1.18035
0.78125  1.10124
0.7875  1.02678
0.79375  0.956704
0.8  0.890753
0.80625  0.828679
0.8125  0.770251
0.81875  0.715253
0.825  0.663481
0.83125  0.614742
0.8375  0.568856
0.84375  0.525652
0.85  0.484972
0.85625  0.446664
0.8625  0.410587
0.86875  0.376608
0.875  0.344602
0.88125  0.314452
0.8875  0.286046
0.89375  0.25928
0.9  0.234056
0.90625  0.210283
0.9125  0.187874
0.91875  0.166747
0.925  0.146825
0.93125  0.128037
0.9375  0.110315
0.94375  0.0935942
0.95  0.077816
0.95625  0.0629236
0.9625  0.0488639
0.96875  0.0355872
0.975  0.0230466
0.98125  0.011198
0.9875  0
0.99375  0
