0  0
0.00588235  0.0719685
0.0117647  0.101143
0.0176471  0.12729
0.0235294  0.151168
0.0294118  0.17323
0.0352941  0.193778
0.0411765  0.213029
0.0470588  0.231145
0.0529412  0.248252
0.0588235  0.264452
0.0647059  0.279825
0.0705882  0.294442
0.0764706  0.308361
0.0823529  0.321631
0.0882353  0.334296
0.0941176  0.346393
0.1  0.357956
0.105882  0.369015
0.111765  0.379596
0.117647  0.389723
0.123529  0.399417
0.129412  0.408699
0.135294  0.417586
0.141176  0.426094
0.147059  0.43424
0.152941  0.442036
0.158824  0.449496
0.164706  0.456631
0.170588  0.463454
0.176471  0.469974
0.182353  0.4762
0.188235  0.482144
0.194118  0.487812
0.2  0.493213
0.205882  0.498354
0.211765  0.503243
0.217647  0.507887
0.223529  0.512292
0.229412  0.516464
0.235294  0.520409
0.241176  0.524133
0.247059  0.527641
0.252941  0.530937
0.258824  0.534027
0.264706  0.536915
0.270588  0.539606
0.276471  0.542103
0.282353  0.544412
0.288235  0.546535
0.294118  0.548476
0.3  0.55024
0.305882  0.551829
0.311765  0.553246
0.317647  0.554496
0.323529  0.55558
0.329412  0.556502
0.335294  0.557265
0.341176  0.557871
0.347059  0.558324
0.352941  0.558625
0.358824  0.558777
0.364706  0.558783
0.370588  0.558644
0.376471  0.558364
0.382353  0.557944
0.388235  0.557387
0.394118  0.556694
0.4  0.555867
0.405882  0.554909
0.411765  0.553821
0.417647  0.552605
0.423529  0.551264
0.429412  0.549797
0.435294  0.548208
0.441176  0.546498
0.447059  0.544669
0.452941  0.542722
0.458824  0.540658
0.464706  0.538479
0.470588  0.536187
0.476471  0.533782
0.482353  0.531267
0.488235  0.528643
0.494118  0.52591
0.5  0.523071
0.505882  0.520126
0.511765  0.517077
0.517647  0.513924
0.523529  0.51067
0.529412  0.507314
0.535294  0.503859
0.541176  0.500305
0.547059  0.496653
0.552941  0.492905
0.558824  0.489062
0.564706  0.485123
0.570588  0.481091
0.576471  0.476967
0.582353  0.47275
0.588235  0.468443
0.594118  0.464046
0.6  0.45956
0.605882  0.454986
0.611765  0.450325
0.617647  0.445577
0.623529  0.440743
0.629412  0.435825
0.635294  0.430822
0.641176  0.425736
0.647059  0.420568
0.652941  0.415318
0.658824  0.409987
0.664706  0.404575
0.670588  0.399084
0.676471  0.393514
0.682353  0.387865
0.688235  0.382139
0.694118  0.376336
0.7  0.370457
0.705882  0.364502
0.711765  0.358471
0.717647  0.352367
0.723529  0.346189
0.729412  0.339937
0.735294  0.333613
0.741176  0.327217
0.747059  0.320749
0.752941  0.31421
0.758824  0.307601
0.764706  0.300922
0.770588  0.294174
0.776471  0.287357
0.782353  0.280472
0.788235  0.273519
0.794118  0.266499
0.8  0.259412
0.805882  0.252258
0.811765  0.245039
0.817647  0.237755
0.823529  0.230405
0.829412  0.222992
0.835294  0.215514
0.841176  0.207973
0.847059  0.200369
0.852941  0.192702
0.858824  0.184973
0.864706  0.177182
0.870588  0.16933
0.876471  0.161417
0.882353  0.153443
0.888235  0.145409
0.894118  0.137316
0.9  0.129163
0.905882  0.120951
0.911765  0.112681
0.917647  0.104352
0.923529  0.095966
0.929412  0.0875221
0.935294  0.0790212
0.941176  0.0704634
0.947059  0.0618493
0.952941  0.0531791
0.958824  0.0444532
0.964706  0.035672
0.970588  0.0268357
0.976471  0.0179447
0.982353  0.00899939
0.988235  0
0.994118  0
