0  0
0.00909091  0.0400663
0.0181818  0.0484209
0.0272727  0.0526398
0.0363636  0.0543401
0.0454545  0.0544297
0.0545455  0.0534681
0.0636364  0.0518202
0.0727273  0.0497329
0.0818182  0.0473774
0.0909091  0.0448744
0.1  0.0423091
0.109091  0.0397424
0.118182  0.0372169
0.127273  0.0347626
0.136364  0.0323996
0.145455  0.0301411
0.154545  0.0279952
0.163636  0.0259658
0.172727  0.0240541
0.181818  0.0222591
0.190909  0.0205783
0.2  0.0190083
0.209091  0.0175446
0.218182  0.0161825
0.227273  0.0149168
0.236364  0.0137424
0.245455  0.0126539
0.254545  0.0116461
0.263636  0.010714
0.272727  0.00985263
0.281818  0.00905716
0.290909  0.00832311
0.3  0.00764615
0.309091  0.0070222
0.318182  0.00644742
0.327273  0.00591819
0.336364  0.0054311
0.345455  0.004983
0.354545  0.0045709
0.363636  0.00419206
0.372727  0.00384389
0.381818  0.00352402
0.390909  0.00323021
0.4  0.00296043
0.409091  0.00271276
0.418182  0.00248544
0.427273  0.00227684
0.436364  0.00208546
0.445455  0.00190991
0.454545  0.00174891
0.463636  0.00160128
0.472727  0.00146592
0.481818  0.00134184
0.490909  0.00122811
0.5  0.00112388
0.509091  0.00102837
0.518182  0.000940856
0.527273  0.00086068
0.536364  0.000787233
0.545455  0.000719957
0.554545  0.000658339
0.563636  0.000601908
0.572727  0.000550231
0.581818  0.00050291
0.590909  0.000459583
0.6  0.000419913
0.609091  0.000383594
0.618182  0.000350346
0.627273  0.000319909
0.636364  0.000292048
0.645455  0.000266545
0.654545  0.000243201
0.663636  0.000221835
0.672727  0.000202279
0.681818  0.00018438
0.690909  0.000167998
0.7  0.000153005
0.709091  0.000139283
0.718182  0.000126724
0.727273  0.000115229
0.736364  0.000104709
0.745455  9.50794e-05
0.754545  8.62658e-05
0.763636  7.81984e-05
0.772727  7.08137e-05
0.781818  6.40535e-05
0.790909  5.78647e-05
0.8  5.21986e-05
0.809091  4.70105e-05
0.818182  4.22597e-05
0.827273  3.79089e-05
0.836364  3.3924e-05
0.845455  3.02735e-05
0.854545  2.69291e-05
0.863636  2.38645e-05
0.872727  2.10558e-05
0.881818  1.84811e-05
0.890909  1.61204e-05
0.9  1.39553e-05
0.909091  1.19691e-05
0.918182  1.01465e-05
0.927273  8.47349e-06
0.936364  6.9372e-06
0.945455  5.52592e-06
0.954545  4.22893e-06
0.963636  3.03644e-06
0.972727  1.93946e-06
0.981818  9.29818e-07
0.990909  0
