0  0
0.00769231  0.0313034
0.0153846  0.0385174
0.0230769  0.0426305
0.0307692  0.0447853
0.0384615  0.0456342
0.0461538  0.045587
0.0538462  0.0449173
0.0615385  0.043815
0.0692308  0.0424157
0.0769231  0.0408182
0.0846154  0.0390953
0.0923077  0.037301
0.1  0.0354759
0.107692  0.0336502
0.115385  0.0318462
0.123077  0.0300806
0.130769  0.0283652
0.138462  0.0267086
0.146154  0.0251165
0.153846  0.0235925
0.161538  0.0221388
0.169231  0.0207559
0.176923  0.0194438
0.184615  0.0182014
0.192308  0.0170271
0.2  0.0159191
0.207692  0.0148751
0.215385  0.0138927
0.223077  0.0129692
0.230769  0.012102
0.238462  0.0112884
0.246154  0.0105257
0.253846  0.00981135
0.261538  0.00914263
0.269231  0.00851704
0.276923  0.00793213
0.284615  0.00738554
0.292308  0.006875
0.3  0.00639834
0.307692  0.0059535
0.315385  0.00553851
0.323077  0.0051515
0.330769  0.0047907
0.338462  0.00445443
0.346154  0.00414113
0.353846  0.00384928
0.361538  0.00357751
0.369231  0.00332447
0.376923  0.00308893
0.384615  0.00286973
0.392308  0.00266576
0.4  0.00247602
0.407692  0.00229952
0.415385  0.00213538
0.423077  0.00198276
0.430769  0.00184086
0.438462  0.00170895
0.446154  0.00158634
0.453846  0.0014724
0.461538  0.00136651
0.469231  0.00126813
0.476923  0.00117672
0.484615  0.00109181
0.492308  0.00101293
0.5  0.000939673
0.507692  0.000871636
0.515385  0.000808454
0.523077  0.000749784
0.530769  0.000695308
0.538462  0.00064473
0.546154  0.000597774
0.553846  0.000554183
0.561538  0.000513719
0.569231  0.00047616
0.576923  0.000441297
0.584615  0.000408941
0.592308  0.000378911
0.6  0.000351041
0.607692  0.000325178
0.615385  0.000301178
0.623077  0.000278907
0.630769  0.000258241
0.638462  0.000239066
0.646154  0.000221274
0.653846  0.000204765
0.661538  0.000189448
0.669231  0.000175237
0.676923  0.000162052
0.684615  0.00014982
0.692308  0.00013847
0.7  0.000127941
0.707692  0.000118172
0.715385  0.000109109
0.723077  0.0001007
0.730769  9.28984e-05
0.738462  8.56603e-05
0.746154  7.89447e-05
0.753846  7.27138e-05
0.761538  6.69324e-05
0.769231  6.1568e-05
0.776923  5.65902e-05
0.784615  5.19711e-05
0.792308  4.76846e-05
0.8  4.37066e-05
0.807692  4.00146e-05
0.815385  3.65878e-05
0.823077  3.3407e-05
0.830769  3.04542e-05
0.838462  2.77129e-05
0.846154  2.51676e-05
0.853846  2.28042e-05
0.861538  2.06092e-05
0.869231  1.85706e-05
0.876923  1.66768e-05
0.884615  1.49174e-05
0.892308  1.32824e-05
0.9  1.17629e-05
0.907692  1.03504e-05
0.915385  9.03716e-06
0.923077  7.81583e-06
0.930769  6.67974e-06
0.938462  5.62266e-06
0.946154  4.63883e-06
0.953846  3.72289e-06
0.961538  2.86988e-06
0.969231  2.0752e-06
0.976923  1.33458e-06
0.984615  6.44069e-07
0.992308  0
