0  0
0.00714286  0.028023
0.0142857  0.0347331
0.0214286  0.0387211
0.0285714  0.0409663
0.0357143  0.0420311
0.0428571  0.0422715
0.05  0.0419268
0.0571429  0.0411649
0.0642857  0.0401069
0.0714286  0.0388419
0.0785714  0.0374366
0.0857143  0.0359413
0.0928571  0.0343942
0.1  0.0328245
0.107143  0.0312544
0.114286  0.0297006
0.121429  0.0281759
0.128571  0.0266896
0.135714  0.0252487
0.142857  0.0238579
0.15  0.0225206
0.157143  0.0212387
0.164286  0.0200133
0.171429  0.0188445
0.178571  0.0177321
0.185714  0.0166751
0.192857  0.0156723
0.2  0.0147224
0.207143  0.0138235
0.214286  0.012974
0.221429  0.0121718
0.228571  0.011415
0.235714  0.0107016
0.242857  0.0100296
0.25  0.00939703
0.257143  0.00880194
0.264286  0.00824242
0.271429  0.00771661
0.278571  0.00722271
0.285714  0.00675898
0.292857  0.00632377
0.3  0.00591546
0.307143  0.00553254
0.314286  0.00517353
0.321429  0.00483705
0.328571  0.00452177
0.335714  0.00422643
0.342857  0.00394984
0.35  0.00369088
0.357143  0.00344846
0.364286  0.00322158
0.371429  0.00300929
0.378571  0.00281068
0.385714  0.0026249
0.392857  0.00245115
0.4  0.00228869
0.407143  0.00213679
0.414286  0.00199479
0.421429  0.00186206
0.428571  0.00173801
0.435714  0.0016221
0.442857  0.00151379
0.45  0.00141259
0.457143  0.00131806
0.464286  0.00122976
0.471429  0.00114729
0.478571  0.00107027
0.485714  0.000998341
0.492857  0.000931178
0.5  0.000868468
0.507143  0.00080992
0.514286  0.000755262
0.521429  0.000704238
0.528571  0.00065661
0.535714  0.000612155
0.542857  0.000570663
0.55  0.000531939
0.557143  0.0004958
0.564286  0.000462075
0.571429  0.000430605
0.578571  0.00040124
0.585714  0.000373841
0.592857  0.000348276
0.6  0.000324424
0.607143  0.000302171
0.614286  0.00028141
0.621429  0.000262042
0.628571  0.000243973
0.635714  0.000227118
0.642857  0.000211395
0.65  0.000196728
0.657143  0.000183047
0.664286  0.000170285
0.671429  0.000158382
0.678571  0.000147278
0.685714  0.000136922
0.692857  0.000127261
0.7  0.000118251
0.707143  0.000109846
0.714286  0.000102007
0.721429  9.46951e-05
0.728571  8.78749e-05
0.735714  8.15132e-05
0.742857  7.55792e-05
0.75  7.0044e-05
0.757143  6.48807e-05
0.764286  6.00643e-05
0.771429  5.55712e-05
0.778571  5.13797e-05
0.785714  4.74693e-05
0.792857  4.38212e-05
0.8  4.04174e-05
0.807143  3.72415e-05
0.814286  3.42781e-05
0.821429  3.15128e-05
0.828571  2.89321e-05
0.835714  2.65236e-05
0.842857  2.42756e-05
0.85  2.21772e-05
0.857143  2.02182e-05
0.864286  1.83892e-05
0.871429  1.66814e-05
0.878571  1.50866e-05
0.885714  1.3597e-05
0.892857  1.22056e-05
0.9  1.09056e-05
0.907143  9.69093e-06
0.914286  8.55568e-06
0.921429  7.49449e-06
0.928571  6.50232e-06
0.935714  5.57448e-06
0.942857  4.70659e-06
0.95  3.89457e-06
0.957143  3.13463e-06
0.964286  2.42321e-06
0.971429  1.75701e-06
0.978571  1.13296e-06
0.985714  5.48181e-07
0.992857  0
