0  0
0.00555556  0.0730065
0.0111111  0.1027
0.0166667  0.129366
0.0222222  0.153763
0.0277778  0.176343
0.0333333  0.197411
0.0388889  0.217181
0.0444444  0.235816
0.05  0.253442
0.0555556  0.27016
0.0611111  0.286053
0.0666667  0.301189
0.0722222  0.315627
0.0777778  0.329416
0.0833333  0.3426
0.0888889  0.355216
0.0944444  0.367298
0.1  0.378876
0.105556  0.389976
0.111111  0.400621
0.116667  0.410835
0.122222  0.420635
0.127778  0.430041
0.133333  0.439069
0.138889  0.447733
0.144444  0.456048
0.15  0.464027
0.155556  0.471682
0.161111  0.479023
0.166667  0.486062
0.172222  0.492808
0.177778  0.49927
0.183333  0.505457
0.188889  0.511377
0.194444  0.517038
0.2  0.522446
0.205556  0.527609
0.211111  0.532533
0.216667  0.537224
0.222222  0.541688
0.227778  0.54593
0.233333  0.549957
0.238889  0.553772
0.244444  0.557381
0.25  0.560788
0.255556  0.563998
0.261111  0.567015
0.266667  0.569842
0.272222  0.572484
0.277778  0.574945
0.283333  0.577227
0.288889  0.579335
0.294444  0.581271
0.3  0.58304
0.305556  0.584643
0.311111  0.586084
0.316667  0.587366
0.322222  0.588491
0.327778  0.589463
0.333333  0.590283
0.338889  0.590954
0.344444  0.591479
0.35  0.591859
0.355556  0.592098
0.361111  0.592197
0.366667  0.592159
0.372222  0.591985
0.377778  0.591677
0.383333  0.591238
0.388889  0.590669
0.394444  0.589972
0.4  0.589149
0.405556  0.588202
0.411111  0.587132
0.416667  0.585941
0.422222  0.584631
0.427778  0.583202
0.433333  0.581657
0.438889  0.579998
0.444444  0.578224
0.45  0.576339
0.455556  0.574343
0.461111  0.572237
0.466667  0.570024
0.472222  0.567703
0.477778  0.565277
0.483333  0.562747
0.488889  0.560114
0.494444  0.557378
0.5  0.554542
0.505556  0.551605
0.511111  0.54857
0.516667  0.545438
0.522222  0.542209
0.527778  0.538884
0.533333  0.535465
0.538889  0.531952
0.544444  0.528346
0.55  0.524649
0.555556  0.520861
0.561111  0.516983
0.566667  0.513016
0.572222  0.508961
0.577778  0.504818
0.583333  0.500589
0.588889  0.496274
0.594444  0.491875
0.6  0.487391
0.605556  0.482825
0.611111  0.478175
0.616667  0.473444
0.622222  0.468632
0.627778  0.463739
0.633333  0.458767
0.638889  0.453716
0.644444  0.448586
0.65  0.443379
0.655556  0.438095
0.661111  0.432735
0.666667  0.427298
0.672222  0.421787
0.677778  0.416202
0.683333  0.410543
0.688889  0.40481
0.694444  0.399005
0.7  0.393128
0.705556  0.387179
0.711111  0.381159
0.716667  0.375069
0.722222  0.368909
0.727778  0.36268
0.733333  0.356382
0.738889  0.350016
0.744444  0.343582
0.75  0.33708
0.755556  0.330512
0.761111  0.323878
0.766667  0.317178
0.772222  0.310412
0.777778  0.303582
0.783333  0.296687
0.788889  0.289729
0.794444  0.282706
0.8  0.275621
0.805556  0.268473
0.811111  0.261263
0.816667  0.253992
0.822222  0.246658
0.827778  0.239264
0.833333  0.23181
0.838889  0.224295
0.844444  0.21672
0.85  0.209087
0.855556  0.201394
0.861111  0.193642
0.866667  0.185833
0.872222  0.177965
0.877778  0.17004
0.883333  0.162058
0.888889  0.15402
0.894444  0.145925
0.9  0.137773
0.905556  0.129567
0.911111  0.121304
0.916667  0.112987
0.922222  0.104615
0.927778  0.0961886
0.933333  0.0877082
0.938889  0.079174
0.944444  0.0705865
0.95  0.0619458
0.955556  0.0532524
0.961111  0.0445065
0.966667  0.0357084
0.972222  0.0268584
0.977778  0.0179568
0.983333  0.0090039
0.988889  0
0.994444  0
