0  0
0.01  0.0460441
0.02  0.0550177
0.03  0.0591374
0.04  0.0603731
0.05  0.059818
0.06  0.0581364
0.07  0.0557546
0.08  0.052956
0.09  0.0499326
0.1  0.0468162
0.11  0.0436974
0.12  0.0406379
0.13  0.0376793
0.14  0.0348485
0.15  0.0321622
0.16  0.0296291
0.17  0.027253
0.18  0.0250334
0.19  0.0229673
0.2  0.0210497
0.21  0.0192742
0.22  0.0176339
0.23  0.0161213
0.24  0.0147285
0.25  0.013448
0.26  0.0122721
0.27  0.0111934
0.28  0.0102049
0.29  0.00929984
0.3  0.00847177
0.31  0.0077147
0.32  0.00702298
0.33  0.00639133
0.34  0.00581485
0.35  0.00528896
0.36  0.00480944
0.37  0.00437238
0.38  0.00397416
0.39  0.00361145
0.4  0.00328121
0.41  0.0029806
0.42  0.00270704
0.43  0.00245817
0.44  0.0022318
0.45  0.00202595
0.46  0.0018388
0.47  0.00166868
0.48  0.00151407
0.49  0.00137357
0.5  0.00124593
0.51  0.00112997
0.52  0.00102465
0.53  0.000929
0.54  0.000842144
0.55  0.000763281
0.56  0.000691684
0.57  0.00062669
0.58  0.000567694
0.59  0.000514148
0.6  0.000465552
0.61  0.000421451
0.62  0.000381432
0.63  0.000345119
0.64  0.000312172
0.65  0.000282278
0.66  0.000255157
0.67  0.000230552
0.68  0.000208229
0.69  0.000187979
0.7  0.000169608
0.71  0.000152942
0.72  0.000137823
0.73  0.000124107
0.74  0.000111663
0.75  0.000100374
0.76  9.01322e-05
0.77  8.08393e-05
0.78  7.2407e-05
0.79  6.47553e-05
0.8  5.78112e-05
0.81  5.15086e-05
0.82  4.57876e-05
0.83  4.05939e-05
0.84  3.58782e-05
0.85  3.15957e-05
0.86  2.77059e-05
0.87  2.4172e-05
0.88  2.09606e-05
0.89  1.80417e-05
0.9  1.53877e-05
0.91  1.29738e-05
0.92  1.07775e-05
0.93  8.7783e-06
0.94  6.95779e-06
0.95  5.29917e-06
0.96  3.78723e-06
0.97  2.40819e-06
0.98  1.14955e-06
0.99  0
