0  0
0.00416667  712.494
0.00833333  922.822
0.0125  1074.48
0.0166667  1185.85
0.0208333  1267.77
0.025  1327.33
0.0291667  1369.47
0.0333333  1397.81
0.0375  1415.07
0.0416667  1423.36
0.0458333  1424.35
0.05  1419.38
0.0541667  1409.54
0.0583333  1395.72
0.0625  1378.67
0.0666667  1358.99
0.0708333  1337.21
0.075  1313.77
0.0791667  1289.02
0.0833333  1263.29
0.0875  1236.83
0.0916667  1209.88
0.0958333  1182.63
0.1  1155.23
0.104167  1127.83
0.108333  1100.55
0.1125  1073.49
0.116667  1046.72
0.120833  1020.33
0.125  994.371
0.129167  968.891
0.133333  943.933
0.1375  919.529
0.141667  895.705
0.145833  872.483
0.15  849.878
0.154167  827.901
0.158333  806.56
0.1625  785.858
0.166667  765.798
0.170833  746.377
0.175  727.593
0.179167  709.441
0.183333  691.914
0.1875  675.005
0.191667  658.703
0.195833  642.999
0.2  627.882
0.204167  613.341
0.208333  599.364
0.2125  585.938
0.216667  573.051
0.220833  560.689
0.225  548.84
0.229167  537.49
0.233333  526.627
0.2375  516.236
0.241667  506.306
0.245833  496.821
0.25  487.771
0.254167  479.141
0.258333  470.92
0.2625  463.094
0.266667  455.652
0.270833  448.581
0.275  441.87
0.279167  435.507
0.283333  429.48
0.2875  423.78
0.291667  418.395
0.295833  413.314
0.3  408.528
0.304167  404.026
0.308333  399.799
0.3125  395.837
0.316667  392.131
0.320833  388.673
0.325  385.453
0.329167  382.464
0.333333  379.696
0.3375  377.143
0.341667  374.797
0.345833  372.65
0.35  370.695
0.354167  368.925
0.358333  367.334
0.3625  365.914
0.366667  364.661
0.370833  363.567
0.375  362.627
0.379167  361.835
0.383333  361.186
0.3875  360.675
0.391667  360.296
0.395833  360.044
0.4  359.915
0.404167  359.904
0.408333  360.007
0.4125  360.219
0.416667  360.537
0.420833  360.956
0.425  361.472
0.429167  362.082
0.433333  362.783
0.4375  363.571
0.441667  364.442
0.445833  365.393
0.45  366.422
0.454167  367.525
0.458333  368.7
0.4625  369.944
0.466667  371.253
0.470833  372.627
0.475  374.061
0.479167  375.555
0.483333  377.105
0.4875  378.709
0.491667  380.366
0.495833  382.073
0.5  383.828
0.504167  385.629
0.508333  387.476
0.5125  389.365
0.516667  391.295
0.520833  393.266
0.525  395.274
0.529167  397.319
0.533333  399.399
0.5375  401.513
0.541667  403.659
0.545833  405.837
0.55  408.044
0.554167  410.281
0.558333  412.545
0.5625  414.836
0.566667  417.152
0.570833  419.493
0.575  421.858
0.579167  424.245
0.583333  426.654
0.5875  429.084
0.591667  431.534
0.595833  434.003
0.6  436.491
0.604167  438.997
0.608333  441.52
0.6125  444.059
0.616667  446.614
0.620833  449.185
0.625  451.77
0.629167  454.368
0.633333  456.981
0.6375  459.606
0.641667  462.244
0.645833  464.893
0.65  467.554
0.654167  470.226
0.658333  472.909
0.6625  475.601
0.666667  478.304
0.670833  481.015
0.675  483.736
0.679167  486.465
0.683333  489.203
0.6875  491.948
0.691667  494.702
0.695833  497.462
0.7  500.23
0.704167  503.004
0.708333  505.785
0.7125  508.571
0.716667  511.364
0.720833  514.163
0.725  516.967
0.729167  519.777
0.733333  522.591
0.7375  525.411
0.741667  528.235
0.745833  531.063
0.75  533.896
0.754167  536.733
0.758333  539.574
0.7625  542.419
0.766667  545.268
0.770833  548.12
0.775  550.975
0.779167  553.834
0.783333  556.696
0.7875  559.56
0.791667  562.428
0.795833  565.298
0.8  568.171
0.804167  571.047
0.808333  573.925
0.8125  576.805
0.816667  579.688
0.820833  582.572
0.825  585.459
0.829167  588.348
0.833333  591.239
0.8375  594.131
0.841667  597.026
0.845833  599.921
0.85  602.819
0.854167  605.718
0.858333  608.619
0.8625  611.521
0.866667  614.424
0.870833  617.329
0.875  620.235
0.879167  623.142
0.883333  626.051
0.8875  628.96
0.891667  631.871
0.895833  634.782
0.9  637.695
0.904167  640.608
0.908333  643.523
0.9125  646.438
0.916667  649.354
0.920833  652.271
0.925  655.189
0.929167  658.108
0.933333  661.027
0.9375  663.947
0.941667  666.867
0.945833  669.788
0.95  672.71
0.954167  675.632
0.958333  678.555
0.9625  681.479
0.966667  684.403
0.970833  687.327
0.975  690.252
0.979167  693.177
0.983333  696.103
0.9875  699.029
0.991667  701.956
0.995833  0
