0  0
0.004  0.078972
0.008  0.111648
0.012  0.141297
0.016  0.168677
0.02  0.19424
0.024  0.21829
0.028  0.241043
0.032  0.262661
0.036  0.28327
0.04  0.302971
0.044  0.321846
0.048  0.339965
0.052  0.357385
0.056  0.374157
0.06  0.390324
0.064  0.405923
0.068  0.420988
0.072  0.435548
0.076  0.449631
0.08  0.463259
0.084  0.476455
0.088  0.489239
0.092  0.501627
0.096  0.513638
0.1  0.525285
0.104  0.536583
0.108  0.547544
0.112  0.558182
0.116  0.568506
0.12  0.578527
0.124  0.588256
0.128  0.597701
0.132  0.606871
0.136  0.615773
0.14  0.624417
0.144  0.632808
0.148  0.640953
0.152  0.64886
0.156  0.656534
0.16  0.663981
0.164  0.671206
0.168  0.678215
0.172  0.685013
0.176  0.691605
0.18  0.697995
0.184  0.704188
0.188  0.710187
0.192  0.715997
0.196  0.721622
0.2  0.727065
0.204  0.73233
0.208  0.737421
0.212  0.74234
0.216  0.747091
0.22  0.751677
0.224  0.756101
0.228  0.760366
0.232  0.764474
0.236  0.768428
0.24  0.772231
0.244  0.775885
0.248  0.779392
0.252  0.782756
0.256  0.785977
0.26  0.789059
0.264  0.792003
0.268  0.794812
0.272  0.797487
0.276  0.800031
0.28  0.802445
0.284  0.804731
0.288  0.806891
0.292  0.808926
0.296  0.810839
0.3  0.812631
0.304  0.814303
0.308  0.815857
0.312  0.817295
0.316  0.818618
0.32  0.819828
0.324  0.820925
0.328  0.821912
0.332  0.822789
0.336  0.823558
0.34  0.82422
0.344  0.824777
0.348  0.82523
0.352  0.825579
0.356  0.825826
0.36  0.825972
0.364  0.826019
0.368  0.825967
0.372  0.825817
0.376  0.82557
0.38  0.825228
0.384  0.824792
0.388  0.824262
0.392  0.823639
0.396  0.822924
0.4  0.822119
0.404  0.821224
0.408  0.82024
0.412  0.819167
0.416  0.818007
0.42  0.816761
0.424  0.815429
0.428  0.814013
0.432  0.812512
0.436  0.810928
0.44  0.809261
0.444  0.807513
0.448  0.805683
0.452  0.803773
0.456  0.801784
0.46  0.799715
0.464  0.797568
0.468  0.795344
0.472  0.793043
0.476  0.790665
0.48  0.788212
0.484  0.785684
0.488  0.783081
0.492  0.780404
0.496  0.777655
0.5  0.774832
0.504  0.771938
0.508  0.768972
0.512  0.765935
0.516  0.762827
0.52  0.75965
0.524  0.756404
0.528  0.753088
0.532  0.749705
0.536  0.746254
0.54  0.742735
0.544  0.73915
0.548  0.735498
0.552  0.731781
0.556  0.727998
0.56  0.72415
0.564  0.720239
0.568  0.716263
0.572  0.712223
0.576  0.708121
0.58  0.703956
0.584  0.699728
0.588  0.695439
0.592  0.691089
0.596  0.686678
0.6  0.682206
0.604  0.677674
0.608  0.673082
0.612  0.668431
0.616  0.663721
0.62  0.658952
0.624  0.654125
0.628  0.649241
0.632  0.644299
0.636  0.639299
0.64  0.634243
0.644  0.629131
0.648  0.623963
0.652  0.618738
0.656  0.613459
0.66  0.608124
0.664  0.602735
0.668  0.597292
0.672  0.591794
0.676  0.586242
0.68  0.580638
0.684  0.57498
0.688  0.569269
0.692  0.563506
0.696  0.557691
0.7  0.551823
0.704  0.545905
0.708  0.539934
0.712  0.533913
0.716  0.527841
0.72  0.521719
0.724  0.515547
0.728  0.509324
0.732  0.503052
0.736  0.496731
0.74  0.49036
0.744  0.483941
0.748  0.477473
0.752  0.470957
0.756  0.464393
0.76  0.457781
0.764  0.451122
0.768  0.444415
0.772  0.437661
0.776  0.430861
0.78  0.424014
0.784  0.41712
0.788  0.410181
0.792  0.403195
0.796  0.396164
0.8  0.389088
0.804  0.381966
0.808  0.374799
0.812  0.367588
0.816  0.360332
0.82  0.353032
0.824  0.345688
0.828  0.3383
0.832  0.330868
0.836  0.323393
0.84  0.315875
0.844  0.308313
0.848  0.300709
0.852  0.293062
0.856  0.285373
0.86  0.277641
0.864  0.269867
0.868  0.262052
0.872  0.254195
0.876  0.246296
0.88  0.238357
0.884  0.230376
0.888  0.222354
0.892  0.214291
0.896  0.206188
0.9  0.198045
0.904  0.189861
0.908  0.181638
0.912  0.173374
0.916  0.165071
0.92  0.156729
0.924  0.148347
0.928  0.139926
0.932  0.131466
0.936  0.122967
0.94  0.11443
0.944  0.105854
0.948  0.0972396
0.952  0.0885872
0.956  0.0798969
0.96  0.0711688
0.964  0.0624029
0.968  0.0535995
0.972  0.0447588
0.976  0.0358809
0.98  0.0269659
0.984  0.018014
0.988  0.00902529
0.992  0
0.996  0
