0  0
0.00454545  0.0766506
0.00909091  0.108166
0.0136364  0.136654
0.0181818  0.162873
0.0227273  0.187276
0.0272727  0.210165
0.0318182  0.231757
0.0363636  0.252214
0.0409091  0.271663
0.0454545  0.290203
0.05  0.307918
0.0545455  0.324876
0.0590909  0.341136
0.0636364  0.356747
0.0681818  0.371752
0.0727273  0.386191
0.0772727  0.400095
0.0818182  0.413495
0.0863636  0.426417
0.0909091  0.438884
0.0954545  0.45092
0.1  0.462543
0.104545  0.47377
0.109091  0.48462
0.113636  0.495107
0.118182  0.505244
0.122727  0.515045
0.127273  0.524521
0.131818  0.533685
0.136364  0.542546
0.140909  0.551114
0.145455  0.559398
0.15  0.567407
0.154545  0.575149
0.159091  0.582631
0.163636  0.589862
0.168182  0.596846
0.172727  0.603592
0.177273  0.610106
0.181818  0.616392
0.186364  0.622456
0.190909  0.628305
0.195455  0.633942
0.2  0.639373
0.204545  0.644602
0.209091  0.649634
0.213636  0.654473
0.218182  0.659122
0.222727  0.663586
0.227273  0.667869
0.231818  0.671974
0.236364  0.675903
0.240909  0.679662
0.245455  0.683252
0.25  0.686678
0.254545  0.689941
0.259091  0.693045
0.263636  0.695992
0.268182  0.698786
0.272727  0.701428
0.277273  0.703921
0.281818  0.706268
0.286364  0.70847
0.290909  0.710531
0.295455  0.712452
0.3  0.714236
0.304545  0.715884
0.309091  0.717398
0.313636  0.718781
0.318182  0.720034
0.322727  0.72116
0.327273  0.722159
0.331818  0.723034
0.336364  0.723786
0.340909  0.724417
0.345455  0.724928
0.35  0.725322
0.354545  0.725599
0.359091  0.725762
0.363636  0.72581
0.368182  0.725747
0.372727  0.725573
0.377273  0.72529
0.381818  0.724898
0.386364  0.7244
0.390909  0.723796
0.395455  0.723087
0.4  0.722276
0.404545  0.721362
0.409091  0.720348
0.413636  0.719234
0.418182  0.718021
0.422727  0.71671
0.427273  0.715303
0.431818  0.713801
0.436364  0.712203
0.440909  0.710512
0.445455  0.708729
0.45  0.706854
0.454545  0.704888
0.459091  0.702832
0.463636  0.700687
0.468182  0.698454
0.472727  0.696133
0.477273  0.693726
0.481818  0.691234
0.486364  0.688656
0.490909  0.685995
0.495455  0.68325
0.5  0.680423
0.504545  0.677513
0.509091  0.674523
0.513636  0.671453
0.518182  0.668302
0.522727  0.665073
0.527273  0.661766
0.531818  0.658381
0.536364  0.654919
0.540909  0.65138
0.545455  0.647766
0.55  0.644077
0.554545  0.640314
0.559091  0.636477
0.563636  0.632566
0.568182  0.628583
0.572727  0.624528
0.577273  0.620401
0.581818  0.616203
0.586364  0.611935
0.590909  0.607598
0.595455  0.60319
0.6  0.598714
0.604545  0.59417
0.609091  0.589558
0.613636  0.584879
0.618182  0.580133
0.622727  0.575321
0.627273  0.570442
0.631818  0.565499
0.636364  0.560491
0.640909  0.555418
0.645455  0.550281
0.65  0.545081
0.654545  0.539818
0.659091  0.534492
0.663636  0.529104
0.668182  0.523655
0.672727  0.518144
0.677273  0.512571
0.681818  0.506939
0.686364  0.501246
0.690909  0.495494
0.695455  0.489682
0.7  0.483811
0.704545  0.477882
0.709091  0.471894
0.713636  0.465849
0.718182  0.459746
0.722727  0.453586
0.727273  0.447369
0.731818  0.441096
0.736364  0.434767
0.740909  0.428382
0.745455  0.421942
0.75  0.415447
0.754545  0.408897
0.759091  0.402293
0.763636  0.395634
0.768182  0.388922
0.772727  0.382157
0.777273  0.375338
0.781818  0.368467
0.786364  0.361543
0.790909  0.354567
0.795455  0.347539
0.8  0.340459
0.804545  0.333328
0.809091  0.326147
0.813636  0.318914
0.818182  0.311631
0.822727  0.304298
0.827273  0.296915
0.831818  0.289482
0.836364  0.282
0.840909  0.274469
0.845455  0.266889
0.85  0.25926
0.854545  0.251584
0.859091  0.243859
0.863636  0.236086
0.868182  0.228266
0.872727  0.220399
0.877273  0.212484
0.881818  0.204523
0.886364  0.196515
0.890909  0.188461
0.895455  0.18036
0.9  0.172214
0.904545  0.164023
0.909091  0.155785
0.913636  0.147503
0.918182  0.139176
0.922727  0.130804
0.927273  0.122387
0.931818  0.113926
0.936364  0.105421
0.940909  0.0968726
0.945455  0.0882802
0.95  0.0796444
0.954545  0.0709652
0.959091  0.0622431
0.963636  0.0534781
0.968182  0.0446705
0.972727  0.0358205
0.977273  0.0269282
0.981818  0.0179939
0.986364  0.00901779
0.990909  3.22772e-86
0.995455  0
