0  0
0.005  0.0749198
0.01  0.10557
0.015  0.133193
0.02  0.158546
0.025  0.182083
0.03  0.204107
0.035  0.224834
0.04  0.244426
0.045  0.263009
0.05  0.280684
0.055  0.297533
0.06  0.313626
0.065  0.32902
0.07  0.343766
0.075  0.357906
0.08  0.371479
0.085  0.384518
0.09  0.397052
0.095  0.409109
0.1  0.420711
0.105  0.431881
0.11  0.442638
0.115  0.453001
0.12  0.462985
0.125  0.472606
0.13  0.481878
0.135  0.490813
0.14  0.499425
0.145  0.507723
0.15  0.515718
0.155  0.523421
0.16  0.53084
0.165  0.537983
0.17  0.54486
0.175  0.551477
0.18  0.557842
0.185  0.563961
0.19  0.569842
0.195  0.57549
0.2  0.58091
0.205  0.58611
0.21  0.591093
0.215  0.595865
0.22  0.60043
0.225  0.604794
0.23  0.608961
0.235  0.612934
0.24  0.616718
0.245  0.620317
0.25  0.623734
0.255  0.626973
0.26  0.630037
0.265  0.63293
0.27  0.635656
0.275  0.638215
0.28  0.640613
0.285  0.642852
0.29  0.644934
0.295  0.646862
0.3  0.648638
0.305  0.650266
0.31  0.651748
0.315  0.653085
0.32  0.65428
0.325  0.655336
0.33  0.656254
0.335  0.657037
0.34  0.657686
0.345  0.658203
0.35  0.658591
0.355  0.658851
0.36  0.658985
0.365  0.658994
0.37  0.658881
0.375  0.658647
0.38  0.658293
0.385  0.657821
0.39  0.657233
0.395  0.65653
0.4  0.655713
0.405  0.654784
0.41  0.653745
0.415  0.652596
0.42  0.651339
0.425  0.649975
0.43  0.648506
0.435  0.646932
0.44  0.645255
0.445  0.643476
0.45  0.641597
0.455  0.639617
0.46  0.637539
0.465  0.635363
0.47  0.63309
0.475  0.630722
0.48  0.62826
0.485  0.625703
0.49  0.623054
0.495  0.620314
0.5  0.617482
0.505  0.614561
0.51  0.611551
0.515  0.608452
0.52  0.605266
0.525  0.601994
0.53  0.598636
0.535  0.595193
0.54  0.591666
0.545  0.588056
0.55  0.584363
0.555  0.580589
0.56  0.576733
0.565  0.572797
0.57  0.568782
0.575  0.564687
0.58  0.560514
0.585  0.556264
0.59  0.551936
0.595  0.547532
0.6  0.543053
0.605  0.538499
0.61  0.53387
0.615  0.529167
0.62  0.524391
0.625  0.519543
0.63  0.514622
0.635  0.50963
0.64  0.504567
0.645  0.499434
0.65  0.49423
0.655  0.488958
0.66  0.483616
0.665  0.478207
0.67  0.472729
0.675  0.467185
0.68  0.461573
0.685  0.455896
0.69  0.450152
0.695  0.444343
0.7  0.43847
0.705  0.432531
0.71  0.426529
0.715  0.420464
0.72  0.414335
0.725  0.408144
0.73  0.401891
0.735  0.395576
0.74  0.389199
0.745  0.382762
0.75  0.376264
0.755  0.369706
0.76  0.363088
0.765  0.356411
0.77  0.349674
0.775  0.34288
0.78  0.336027
0.785  0.329116
0.79  0.322148
0.795  0.315122
0.8  0.30804
0.805  0.300902
0.81  0.293707
0.815  0.286457
0.82  0.279151
0.825  0.271791
0.83  0.264375
0.835  0.256906
0.84  0.249382
0.845  0.241804
0.85  0.234174
0.855  0.22649
0.86  0.218753
0.865  0.210964
0.87  0.203122
0.875  0.195229
0.88  0.187284
0.885  0.179288
0.89  0.17124
0.895  0.163142
0.9  0.154994
0.905  0.146795
0.91  0.138547
0.915  0.130249
0.92  0.121901
0.925  0.113505
0.93  0.105059
0.935  0.0965656
0.94  0.0880234
0.945  0.0794331
0.95  0.0707951
0.955  0.0621095
0.96  0.0533767
0.965  0.0445968
0.97  0.0357701
0.975  0.0268968
0.98  0.0179772
0.985  0.00901154
0.99  3.10291e-33
0.995  0
