0  0
0.0047619  668.796
0.00952381  857.844
0.0142857  989.31
0.0190476  1081.76
0.0238095  1146.11
0.0285714  1189.43
0.0333333  1216.65
0.0380952  1231.32
0.0428571  1236.13
0.047619  1233.11
0.052381  1223.87
0.0571429  1209.69
0.0619048  1191.61
0.0666667  1170.44
0.0714286  1146.87
0.0761905  1121.46
0.0809524  1094.68
0.0857143  1066.9
0.0904762  1038.45
0.0952381  1009.6
0.1  980.552
0.104762  951.506
0.109524  922.61
0.114286  893.991
0.119048  865.752
0.12381  837.978
0.128571  810.739
0.133333  784.091
0.138095  758.077
0.142857  732.731
0.147619  708.079
0.152381  684.14
0.157143  660.925
0.161905  638.442
0.166667  616.693
0.171429  595.678
0.17619  575.391
0.180952  555.826
0.185714  536.973
0.190476  518.822
0.195238  501.359
0.2  484.571
0.204762  468.443
0.209524  452.959
0.214286  438.104
0.219048  423.859
0.22381  410.209
0.228571  397.135
0.233333  384.622
0.238095  372.65
0.242857  361.204
0.247619  350.265
0.252381  339.818
0.257143  329.845
0.261905  320.33
0.266667  311.256
0.271429  302.609
0.27619  294.373
0.280952  286.532
0.285714  279.073
0.290476  271.98
0.295238  265.24
0.3  258.839
0.304762  252.765
0.309524  247.004
0.314286  241.545
0.319048  236.375
0.32381  231.484
0.328571  226.859
0.333333  222.491
0.338095  218.368
0.342857  214.482
0.347619  210.822
0.352381  207.379
0.357143  204.144
0.361905  201.108
0.366667  198.264
0.371429  195.604
0.37619  193.118
0.380952  190.802
0.385714  188.646
0.390476  186.645
0.395238  184.792
0.4  183.08
0.404762  181.504
0.409524  180.058
0.414286  178.736
0.419048  177.533
0.42381  176.444
0.428571  175.464
0.433333  174.588
0.438095  173.812
0.442857  173.132
0.447619  172.542
0.452381  172.04
0.457143  171.622
0.461905  171.283
0.466667  171.021
0.471429  170.832
0.47619  170.713
0.480952  170.66
0.485714  170.671
0.490476  170.744
0.495238  170.875
0.5  171.061
0.504762  171.301
0.509524  171.592
0.514286  171.932
0.519048  172.318
0.52381  172.749
0.528571  173.223
0.533333  173.737
0.538095  174.289
0.542857  174.879
0.547619  175.505
0.552381  176.164
0.557143  176.856
0.561905  177.578
0.566667  178.331
0.571429  179.111
0.57619  179.918
0.580952  180.751
0.585714  181.609
0.590476  182.49
0.595238  183.394
0.6  184.319
0.604762  185.264
0.609524  186.229
0.614286  187.213
0.619048  188.215
0.62381  189.233
0.628571  190.268
0.633333  191.319
0.638095  192.384
0.642857  193.463
0.647619  194.556
0.652381  195.662
0.657143  196.78
0.661905  197.91
0.666667  199.052
0.671429  200.204
0.67619  201.366
0.680952  202.538
0.685714  203.719
0.690476  204.909
0.695238  206.108
0.7  207.315
0.704762  208.529
0.709524  209.751
0.714286  210.98
0.719048  212.216
0.72381  213.458
0.728571  214.707
0.733333  215.961
0.738095  217.221
0.742857  218.486
0.747619  219.757
0.752381  221.032
0.757143  222.312
0.761905  223.596
0.766667  224.884
0.771429  226.177
0.77619  227.473
0.780952  228.773
0.785714  230.077
0.790476  231.384
0.795238  232.694
0.8  234.007
0.804762  235.324
0.809524  236.642
0.814286  237.964
0.819048  239.288
0.82381  240.615
0.828571  241.944
0.833333  243.275
0.838095  244.608
0.842857  245.943
0.847619  247.28
0.852381  248.619
0.857143  249.959
0.861905  251.302
0.866667  252.646
0.871429  253.991
0.87619  255.338
0.880952  256.686
0.885714  258.036
0.890476  259.386
0.895238  260.738
0.9  262.091
0.904762  263.446
0.909524  264.801
0.914286  266.157
0.919048  267.514
0.92381  268.872
0.928571  270.231
0.933333  271.591
0.938095  272.952
0.942857  274.313
0.947619  275.675
0.952381  277.038
0.957143  278.401
0.961905  279.765
0.966667  281.13
0.971429  282.495
0.97619  283.861
0.980952  285.227
0.985714  286.593
0.990476  287.961
0.995238  0
