0  0
0.00434783  703.187
0.00869565  909.036
0.0130435  1056.55
0.0173913  1164.16
0.0217391  1242.73
0.026087  1299.36
0.0304348  1338.98
0.0347826  1365.19
0.0391304  1380.69
0.0434783  1387.58
0.0478261  1387.51
0.0521739  1381.81
0.0565217  1371.53
0.0608696  1357.56
0.0652174  1340.63
0.0695652  1321.32
0.073913  1300.14
0.0782609  1277.52
0.0826087  1253.79
0.0869565  1229.27
0.0913043  1204.2
0.0956522  1178.8
0.1  1153.25
0.104348  1127.69
0.108696  1102.26
0.113043  1077.06
0.117391  1052.19
0.121739  1027.71
0.126087  1003.7
0.130435  980.203
0.134783  957.261
0.13913  934.908
0.143478  913.17
0.147826  892.068
0.152174  871.616
0.156522  851.824
0.16087  832.699
0.165217  814.244
0.169565  796.457
0.173913  779.336
0.178261  762.876
0.182609  747.071
0.186957  731.912
0.191304  717.389
0.195652  703.491
0.2  690.208
0.204348  677.525
0.208696  665.431
0.213043  653.912
0.217391  642.953
0.221739  632.541
0.226087  622.662
0.230435  613.3
0.234783  604.442
0.23913  596.074
0.243478  588.18
0.247826  580.747
0.252174  573.76
0.256522  567.206
0.26087  561.071
0.265217  555.342
0.269565  550.005
0.273913  545.047
0.278261  540.457
0.282609  536.22
0.286957  532.327
0.291304  528.763
0.295652  525.519
0.3  522.583
0.304348  519.944
0.308696  517.592
0.313043  515.516
0.317391  513.707
0.321739  512.154
0.326087  510.848
0.330435  509.781
0.334783  508.944
0.33913  508.328
0.343478  507.924
0.347826  507.725
0.352174  507.724
0.356522  507.913
0.36087  508.284
0.365217  508.831
0.369565  509.547
0.373913  510.425
0.378261  511.46
0.382609  512.645
0.386957  513.975
0.391304  515.444
0.395652  517.046
0.4  518.777
0.404348  520.632
0.408696  522.604
0.413043  524.691
0.417391  526.888
0.421739  529.189
0.426087  531.592
0.430435  534.092
0.434783  536.685
0.43913  539.368
0.443478  542.136
0.447826  544.987
0.452174  547.918
0.456522  550.925
0.46087  554.005
0.465217  557.155
0.469565  560.372
0.473913  563.655
0.478261  566.999
0.482609  570.403
0.486957  573.864
0.491304  577.38
0.495652  580.949
0.5  584.568
0.504348  588.236
0.508696  591.951
0.513043  595.71
0.517391  599.512
0.521739  603.355
0.526087  607.238
0.530435  611.158
0.534783  615.115
0.53913  619.107
0.543478  623.132
0.547826  627.19
0.552174  631.278
0.556522  635.395
0.56087  639.541
0.565217  643.714
0.569565  647.913
0.573913  652.137
0.578261  656.385
0.582609  660.656
0.586957  664.949
0.591304  669.263
0.595652  673.598
0.6  677.952
0.604348  682.324
0.608696  686.714
0.613043  691.122
0.617391  695.546
0.621739  699.985
0.626087  704.44
0.630435  708.909
0.634783  713.392
0.63913  717.889
0.643478  722.398
0.647826  726.919
0.652174  731.452
0.656522  735.996
0.66087  740.551
0.665217  745.117
0.669565  749.692
0.673913  754.277
0.678261  758.871
0.682609  763.474
0.686957  768.085
0.691304  772.704
0.695652  777.33
0.7  781.964
0.704348  786.605
0.708696  791.253
0.713043  795.908
0.717391  800.568
0.721739  805.235
0.726087  809.907
0.730435  814.585
0.734783  819.267
0.73913  823.955
0.743478  828.648
0.747826  833.346
0.752174  838.047
0.756522  842.753
0.76087  847.464
0.765217  852.178
0.769565  856.895
0.773913  861.617
0.778261  866.341
0.782609  871.069
0.786957  875.8
0.791304  880.535
0.795652  885.272
0.8  890.012
0.804348  894.754
0.808696  899.499
0.813043  904.247
0.817391  908.996
0.821739  913.748
0.826087  918.502
0.830435  923.259
0.834783  928.017
0.83913  932.777
0.843478  937.539
0.847826  942.302
0.852174  947.068
0.856522  951.835
0.86087  956.603
0.865217  961.373
0.869565  966.144
0.873913  970.917
0.878261  975.69
0.882609  980.465
0.886957  985.242
0.891304  990.019
0.895652  994.798
0.9  999.577
0.904348  1004.36
0.908696  1009.14
0.913043  1013.92
0.917391  1018.7
0.921739  1023.49
0.926087  1028.27
0.930435  1033.06
0.934783  1037.85
0.93913  1042.63
0.943478  1047.42
0.947826  1052.21
0.952174  1057
0.956522  1061.79
0.96087  1066.58
0.965217  1071.37
0.969565  1076.16
0.973913  1080.95
0.978261  1085.74
0.982609  1090.54
0.986957  1095.33
0.991304  1100.12
0.995652  0
