0  0
0.00333333  0.0822829
0.00666667  0.116614
0.01  0.147919
0.0133333  0.176954
0.0166667  0.204173
0.02  0.229878
0.0233333  0.254287
0.0266667  0.27756
0.03  0.299824
0.0333333  0.321181
0.0366667  0.341712
0.04  0.361486
0.0433333  0.380562
0.0466667  0.398989
0.05  0.416811
0.0533333  0.434066
0.0566667  0.450786
0.06  0.467002
0.0633333  0.48274
0.0666667  0.498024
0.07  0.512875
0.0733333  0.527314
0.0766667  0.541358
0.08  0.555024
0.0833333  0.568327
0.0866667  0.58128
0.09  0.593897
0.0933333  0.60619
0.0966667  0.61817
0.1  0.629847
0.103333  0.641231
0.106667  0.652331
0.11  0.663156
0.113333  0.673715
0.116667  0.684013
0.12  0.69406
0.123333  0.703861
0.126667  0.713423
0.13  0.722752
0.133333  0.731855
0.136667  0.740735
0.14  0.7494
0.143333  0.757854
0.146667  0.766101
0.15  0.774146
0.153333  0.781994
0.156667  0.789649
0.16  0.797114
0.163333  0.804395
0.166667  0.811494
0.17  0.818414
0.173333  0.82516
0.176667  0.831735
0.18  0.838142
0.183333  0.844383
0.186667  0.850462
0.19  0.856382
0.193333  0.862146
0.196667  0.867756
0.2  0.873214
0.203333  0.878523
0.206667  0.883686
0.21  0.888705
0.213333  0.893582
0.216667  0.898319
0.22  0.902919
0.223333  0.907383
0.226667  0.911714
0.23  0.915913
0.233333  0.919982
0.236667  0.923924
0.24  0.927739
0.243333  0.93143
0.246667  0.934998
0.25  0.938445
0.253333  0.941773
0.256667  0.944983
0.26  0.948076
0.263333  0.951055
0.266667  0.95392
0.27  0.956673
0.273333  0.959315
0.276667  0.961847
0.28  0.964272
0.283333  0.96659
0.286667  0.968802
0.29  0.97091
0.293333  0.972915
0.296667  0.974817
0.3  0.976619
0.303333  0.978321
0.306667  0.979924
0.31  0.98143
0.313333  0.982839
0.316667  0.984152
0.32  0.985371
0.323333  0.986497
0.326667  0.987529
0.33  0.98847
0.333333  0.98932
0.336667  0.990081
0.34  0.990752
0.343333  0.991335
0.346667  0.991831
0.35  0.99224
0.353333  0.992563
0.356667  0.992802
0.36  0.992957
0.363333  0.993028
0.366667  0.993017
0.37  0.992924
0.373333  0.99275
0.376667  0.992495
0.38  0.992161
0.383333  0.991748
0.386667  0.991257
0.39  0.990688
0.393333  0.990042
0.396667  0.98932
0.4  0.988522
0.403333  0.98765
0.406667  0.986702
0.41  0.985681
0.413333  0.984587
0.416667  0.98342
0.42  0.982181
0.423333  0.98087
0.426667  0.979489
0.43  0.978037
0.433333  0.976515
0.436667  0.974924
0.44  0.973264
0.443333  0.971536
0.446667  0.969741
0.45  0.967877
0.453333  0.965948
0.456667  0.963951
0.46  0.96189
0.463333  0.959762
0.466667  0.95757
0.47  0.955314
0.473333  0.952993
0.476667  0.950609
0.48  0.948162
0.483333  0.945653
0.486667  0.943081
0.49  0.940447
0.493333  0.937752
0.496667  0.934996
0.5  0.93218
0.503333  0.929303
0.506667  0.926367
0.51  0.923372
0.513333  0.920317
0.516667  0.917204
0.52  0.914032
0.523333  0.910803
0.526667  0.907517
0.53  0.904173
0.533333  0.900772
0.536667  0.897315
0.54  0.893802
0.543333  0.890234
0.546667  0.88661
0.55  0.88293
0.553333  0.879197
0.556667  0.875409
0.56  0.871566
0.563333  0.86767
0.566667  0.863721
0.57  0.859719
0.573333  0.855663
0.576667  0.851556
0.58  0.847396
0.583333  0.843184
0.586667  0.838921
0.59  0.834606
0.593333  0.83024
0.596667  0.825824
0.6  0.821357
0.603333  0.81684
0.606667  0.812273
0.61  0.807657
0.613333  0.802991
0.616667  0.798276
0.62  0.793512
0.623333  0.7887
0.626667  0.783839
0.63  0.77893
0.633333  0.773974
0.636667  0.76897
0.64  0.763919
0.643333  0.75882
0.646667  0.753675
0.65  0.748483
0.653333  0.743245
0.656667  0.737961
0.66  0.732631
0.663333  0.727256
0.666667  0.721835
0.67  0.716369
0.673333  0.710857
0.676667  0.705302
0.68  0.699701
0.683333  0.694057
0.686667  0.688368
0.69  0.682635
0.693333  0.676859
0.696667  0.671039
0.7  0.665176
0.703333  0.65927
0.706667  0.653321
0.71  0.64733
0.713333  0.641296
0.716667  0.63522
0.72  0.629102
0.723333  0.622942
0.726667  0.61674
0.73  0.610497
0.733333  0.604213
0.736667  0.597887
0.74  0.591521
0.743333  0.585114
0.746667  0.578666
0.75  0.572178
0.753333  0.56565
0.756667  0.559082
0.76  0.552474
0.763333  0.545827
0.766667  0.53914
0.77  0.532413
0.773333  0.525648
0.776667  0.518843
0.78  0.512
0.783333  0.505118
0.786667  0.498197
0.79  0.491239
0.793333  0.484242
0.796667  0.477207
0.8  0.470134
0.803333  0.463024
0.806667  0.455876
0.81  0.448691
0.813333  0.441468
0.816667  0.434209
0.82  0.426912
0.823333  0.419579
0.826667  0.412209
0.83  0.404803
0.833333  0.39736
0.836667  0.389881
0.84  0.382367
0.843333  0.374816
0.846667  0.367229
0.85  0.359607
0.853333  0.35195
0.856667  0.344257
0.86  0.336529
0.863333  0.328766
0.866667  0.320968
0.87  0.313135
0.873333  0.305267
0.876667  0.297365
0.88  0.289429
0.883333  0.281458
0.886667  0.273454
0.89  0.265415
0.893333  0.257342
0.896667  0.249236
0.9  0.241096
0.903333  0.232922
0.906667  0.224715
0.91  0.216475
0.913333  0.208201
0.916667  0.199895
0.92  0.191556
0.923333  0.183184
0.926667  0.174779
0.93  0.166342
0.933333  0.157872
0.936667  0.14937
0.94  0.140836
0.943333  0.13227
0.946667  0.123671
0.95  0.115041
0.953333  0.106379
0.956667  0.0976858
0.96  0.0889607
0.963333  0.0802043
0.966667  0.0714165
0.97  0.0625976
0.973333  0.0537475
0.976667  0.0448664
0.98  0.0359545
0.983333  0.0270118
0.986667  0.0180384
0.99  0.00903443
0.993333  0
0.996667  0
