0  0
0.0333333  0.236117
0.0666667  0.219006
0.1  0.181885
0.133333  0.143696
0.166667  0.110446
0.2  0.0834602
0.233333  0.0623576
0.266667  0.0462201
0.3  0.0340578
0.333333  0.0249833
0.366667  0.0182618
0.4  0.0133099
0.433333  0.00967702
0.466667  0.00702034
0.5  0.00508254
0.533333  0.003672
0.566667  0.00264694
0.6  0.00190298
0.633333  0.00136357
0.666667  0.000972761
0.7  0.000689732
0.733333  0.000484787
0.766667  0.000336351
0.8  0.000228772
0.833333  0.00015071
0.866667  9.39589e-05
0.9  5.25834e-05
0.933333  2.22958e-05
0.966667  0
