0  0
0.00285714  0.0850822
0.00571429  0.120813
0.00857143  0.153518
0.0114286  0.183952
0.0142857  0.212571
0.0171429  0.239676
0.02  0.265484
0.0228571  0.290157
0.0257143  0.313821
0.0285714  0.336577
0.0314286  0.358508
0.0342857  0.379682
0.0371429  0.400157
0.04  0.419984
0.0428571  0.439206
0.0457143  0.45786
0.0485714  0.47598
0.0514286  0.493596
0.0542857  0.510733
0.0571429  0.527417
0.06  0.543668
0.0628571  0.559507
0.0657143  0.574951
0.0685714  0.590016
0.0714286  0.604718
0.0742857  0.619071
0.0771429  0.633088
0.08  0.646781
0.0828571  0.66016
0.0857143  0.673237
0.0885714  0.68602
0.0914286  0.69852
0.0942857  0.710745
0.0971429  0.722703
0.1  0.734402
0.102857  0.745848
0.105714  0.757048
0.108571  0.76801
0.111429  0.778739
0.114286  0.789241
0.117143  0.799522
0.12  0.809586
0.122857  0.819439
0.125714  0.829086
0.128571  0.838531
0.131429  0.847779
0.134286  0.856833
0.137143  0.865699
0.14  0.874379
0.142857  0.882877
0.145714  0.891197
0.148571  0.899343
0.151429  0.907317
0.154286  0.915124
0.157143  0.922765
0.16  0.930244
0.162857  0.937564
0.165714  0.944727
0.168571  0.951736
0.171429  0.958594
0.174286  0.965303
0.177143  0.971866
0.18  0.978284
0.182857  0.984561
0.185714  0.990698
0.188571  0.996697
0.191429  1.00256
0.194286  1.00829
0.197143  1.01389
0.2  1.01936
0.202857  1.0247
0.205714  1.02992
0.208571  1.03501
0.211429  1.03997
0.214286  1.04482
0.217143  1.04955
0.22  1.05416
0.222857  1.05865
0.225714  1.06303
0.228571  1.06729
0.231429  1.07145
0.234286  1.07549
0.237143  1.07942
0.24  1.08324
0.242857  1.08696
0.245714  1.09057
0.248571  1.09408
0.251429  1.09749
0.254286  1.10079
0.257143  1.10399
0.26  1.10709
0.262857  1.11009
0.265714  1.113
0.268571  1.11581
0.271429  1.11852
0.274286  1.12114
0.277143  1.12366
0.28  1.1261
0.282857  1.12844
0.285714  1.13069
0.288571  1.13285
0.291429  1.13492
0.294286  1.1369
0.297143  1.1388
0.3  1.14061
0.302857  1.14233
0.305714  1.14397
0.308571  1.14552
0.311429  1.14699
0.314286  1.14838
0.317143  1.14969
0.32  1.15091
0.322857  1.15206
0.325714  1.15312
0.328571  1.15411
0.331429  1.15502
0.334286  1.15585
0.337143  1.1566
0.34  1.15728
0.342857  1.15788
0.345714  1.15841
0.348571  1.15886
0.351429  1.15924
0.354286  1.15955
0.357143  1.15978
0.36  1.15994
0.362857  1.16003
0.365714  1.16005
0.368571  1.15999
0.371429  1.15987
0.374286  1.15968
0.377143  1.15942
0.38  1.15909
0.382857  1.1587
0.385714  1.15823
0.388571  1.1577
0.391429  1.15711
0.394286  1.15644
0.397143  1.15572
0.4  1.15492
0.402857  1.15407
0.405714  1.15315
0.408571  1.15216
0.411429  1.15112
0.414286  1.15001
0.417143  1.14883
0.42  1.1476
0.422857  1.1463
0.425714  1.14495
0.428571  1.14353
0.431429  1.14205
0.434286  1.14052
0.437143  1.13892
0.44  1.13727
0.442857  1.13555
0.445714  1.13378
0.448571  1.13195
0.451429  1.13006
0.454286  1.12812
0.457143  1.12612
0.46  1.12406
0.462857  1.12195
0.465714  1.11978
0.468571  1.11756
0.471429  1.11528
0.474286  1.11294
0.477143  1.11055
0.48  1.10811
0.482857  1.10562
0.485714  1.10307
0.488571  1.10046
0.491429  1.09781
0.494286  1.0951
0.497143  1.09234
0.5  1.08953
0.502857  1.08666
0.505714  1.08375
0.508571  1.08078
0.511429  1.07777
0.514286  1.0747
0.517143  1.07158
0.52  1.06841
0.522857  1.0652
0.525714  1.06193
0.528571  1.05862
0.531429  1.05525
0.534286  1.05184
0.537143  1.04838
0.54  1.04487
0.542857  1.04131
0.545714  1.03771
0.548571  1.03406
0.551429  1.03036
0.554286  1.02661
0.557143  1.02282
0.56  1.01898
0.562857  1.0151
0.565714  1.01117
0.568571  1.00719
0.571429  1.00317
0.574286  0.999103
0.577143  0.994991
0.58  0.990835
0.582857  0.986635
0.585714  0.98239
0.588571  0.9781
0.591429  0.973768
0.594286  0.969391
0.597143  0.964971
0.6  0.960508
0.602857  0.956001
0.605714  0.951452
0.608571  0.94686
0.611429  0.942226
0.614286  0.93755
0.617143  0.932831
0.62  0.928071
0.622857  0.923269
0.625714  0.918426
0.628571  0.913541
0.631429  0.908615
0.634286  0.903649
0.637143  0.898641
0.64  0.893593
0.642857  0.888505
0.645714  0.883377
0.648571  0.878208
0.651429  0.873
0.654286  0.867752
0.657143  0.862464
0.66  0.857138
0.662857  0.851772
0.665714  0.846367
0.668571  0.840923
0.671429  0.835441
0.674286  0.82992
0.677143  0.824361
0.68  0.818764
0.682857  0.813129
0.685714  0.807456
0.688571  0.801745
0.691429  0.795997
0.694286  0.790211
0.697143  0.784389
0.7  0.778529
0.702857  0.772632
0.705714  0.766698
0.708571  0.760728
0.711429  0.754722
0.714286  0.748679
0.717143  0.7426
0.72  0.736484
0.722857  0.730333
0.725714  0.724147
0.728571  0.717924
0.731429  0.711666
0.734286  0.705373
0.737143  0.699045
0.74  0.692681
0.742857  0.686283
0.745714  0.67985
0.748571  0.673382
0.751429  0.66688
0.754286  0.660343
0.757143  0.653772
0.76  0.647167
0.762857  0.640528
0.765714  0.633855
0.768571  0.627148
0.771429  0.620407
0.774286  0.613634
0.777143  0.606826
0.78  0.599986
0.782857  0.593112
0.785714  0.586205
0.788571  0.579266
0.791429  0.572293
0.794286  0.565288
0.797143  0.558251
0.8  0.551181
0.802857  0.544078
0.805714  0.536944
0.808571  0.529777
0.811429  0.522579
0.814286  0.515348
0.817143  0.508086
0.82  0.500792
0.822857  0.493467
0.825714  0.48611
0.828571  0.478722
0.831429  0.471303
0.834286  0.463852
0.837143  0.456371
0.84  0.448859
0.842857  0.441316
0.845714  0.433742
0.848571  0.426138
0.851429  0.418503
0.854286  0.410838
0.857143  0.403142
0.86  0.395417
0.862857  0.387661
0.865714  0.379875
0.868571  0.37206
0.871429  0.364215
0.874286  0.35634
0.877143  0.348435
0.88  0.340501
0.882857  0.332538
0.885714  0.324545
0.888571  0.316524
0.891429  0.308473
0.894286  0.300393
0.897143  0.292284
0.9  0.284146
0.902857  0.27598
0.905714  0.267785
0.908571  0.259561
0.911429  0.251309
0.914286  0.243029
0.917143  0.23472
0.92  0.226383
0.922857  0.218018
0.925714  0.209625
0.928571  0.201204
0.931429  0.192755
0.934286  0.184278
0.937143  0.175774
0.94  0.167242
0.942857  0.158683
0.945714  0.150096
0.948571  0.141481
0.951429  0.13284
0.954286  0.124171
0.957143  0.115475
0.96  0.106753
0.962857  0.098003
0.965714  0.0892264
0.968571  0.080423
0.971429  0.0715929
0.974286  0.0627361
0.977143  0.0538529
0.98  0.0449431
0.982857  0.036007
0.985714  0.0270445
0.988571  0.0180558
0.991429  0.00904096
0.994286  0
0.997143  0
