0  0
0.0025  0.0975071
0.005  0.139451
0.0075  0.178368
0.01  0.215015
0.0125  0.249846
0.015  0.283163
0.0175  0.315184
0.02  0.346069
0.0225  0.375946
0.025  0.404914
0.0275  0.433057
0.03  0.460444
0.0325  0.487132
0.035  0.513171
0.0375  0.538605
0.04  0.563472
0.0425  0.587804
0.045  0.611632
0.0475  0.634982
0.05  0.657879
0.0525  0.680342
0.055  0.702393
0.0575  0.72405
0.06  0.745328
0.0625  0.766242
0.065  0.786808
0.0675  0.807037
0.07  0.826942
0.0725  0.846534
0.075  0.865823
0.0775  0.884819
0.08  0.903531
0.0825  0.921969
0.085  0.940139
0.0875  0.95805
0.09  0.975709
0.0925  0.993122
0.095  1.0103
0.0975  1.02724
0.1  1.04395
0.1025  1.06044
0.105  1.07672
0.1075  1.09279
0.11  1.10865
0.1125  1.1243
0.115  1.13976
0.1175  1.15503
0.12  1.17011
0.1225  1.185
0.125  1.19971
0.1275  1.21424
0.13  1.2286
0.1325  1.24279
0.135  1.25681
0.1375  1.27066
0.14  1.28435
0.1425  1.29789
0.145  1.31126
0.1475  1.32448
0.15  1.33755
0.1525  1.35048
0.155  1.36325
0.1575  1.37588
0.16  1.38837
0.1625  1.40072
0.165  1.41293
0.1675  1.42501
0.17  1.43695
0.1725  1.44876
0.175  1.46044
0.1775  1.472
0.18  1.48342
0.1825  1.49473
0.185  1.50591
0.1875  1.51697
0.19  1.52791
0.1925  1.53873
0.195  1.54943
0.1975  1.56003
0.2  1.5705
0.2025  1.58087
0.205  1.59112
0.2075  1.60127
0.21  1.6113
0.2125  1.62123
0.215  1.63106
0.2175  1.64078
0.22  1.65039
0.2225  1.65991
0.225  1.66932
0.2275  1.67864
0.23  1.68785
0.2325  1.69697
0.235  1.70599
0.2375  1.71492
0.24  1.72375
0.2425  1.73249
0.245  1.74113
0.2475  1.74968
0.25  1.75815
0.2525  1.76652
0.255  1.7748
0.2575  1.783
0.26  1.7911
0.2625  1.79913
0.265  1.80706
0.2675  1.81491
0.27  1.82268
0.2725  1.83036
0.275  1.83796
0.2775  1.84548
0.28  1.85292
0.2825  1.86028
0.285  1.86756
0.2875  1.87476
0.29  1.88188
0.2925  1.88892
0.295  1.89589
0.2975  1.90278
0.3  1.90959
0.3025  1.91633
0.305  1.92299
0.3075  1.92959
0.31  1.9361
0.3125  1.94255
0.315  1.94892
0.3175  1.95522
0.32  1.96145
0.3225  1.96761
0.325  1.9737
0.3275  1.97973
0.33  1.98568
0.3325  1.99156
0.335  1.99738
0.3375  2.00313
0.34  2.00881
0.3425  2.01443
0.345  2.01998
0.3475  2.02546
0.35  2.03088
0.3525  2.03624
0.355  2.04153
0.3575  2.04676
0.36  2.05192
0.3625  2.05702
0.365  2.06206
0.3675  2.06704
0.37  2.07196
0.3725  2.07682
0.375  2.08161
0.3775  2.08635
0.38  2.09102
0.3825  2.09564
0.385  2.1002
0.3875  2.1047
0.39  2.10914
0.3925  2.11352
0.395  2.11785
0.3975  2.12211
0.4  2.12633
0.4025  2.13048
0.405  2.13458
0.4075  2.13862
0.41  2.14261
0.4125  2.14654
0.415  2.15042
0.4175  2.15425
0.42  2.15802
0.4225  2.16173
0.425  2.1654
0.4275  2.16901
0.43  2.17256
0.4325  2.17607
0.435  2.17952
0.4375  2.18292
0.44  2.18627
0.4425  2.18957
0.445  2.19281
0.4475  2.19601
0.45  2.19915
0.4525  2.20225
0.455  2.20529
0.4575  2.20829
0.46  2.21123
0.4625  2.21413
0.465  2.21698
0.4675  2.21978
0.47  2.22253
0.4725  2.22524
0.475  2.22789
0.4775  2.2305
0.48  2.23306
0.4825  2.23557
0.485  2.23804
0.4875  2.24046
0.49  2.24284
0.4925  2.24516
0.495  2.24745
0.4975  2.24968
0.5  2.25187
0.5025  2.25402
0.505  2.25612
0.5075  2.25818
0.51  2.26019
0.5125  2.26216
0.515  2.26408
0.5175  2.26596
0.52  2.26779
0.5225  2.26959
0.525  2.27134
0.5275  2.27304
0.53  2.27471
0.5325  2.27633
0.535  2.2779
0.5375  2.27944
0.54  2.28093
0.5425  2.28239
0.545  2.2838
0.5475  2.28517
0.55  2.28649
0.5525  2.28778
0.555  2.28903
0.5575  2.29023
0.56  2.2914
0.5625  2.29252
0.565  2.2936
0.5675  2.29465
0.57  2.29565
0.5725  2.29662
0.575  2.29754
0.5775  2.29843
0.58  2.29927
0.5825  2.30008
0.585  2.30085
0.5875  2.30158
0.59  2.30227
0.5925  2.30293
0.595  2.30354
0.5975  2.30412
0.6  2.30466
0.6025  2.30516
0.605  2.30562
0.6075  2.30605
0.61  2.30644
0.6125  2.30679
0.615  2.30711
0.6175  2.30739
0.62  2.30763
0.6225  2.30784
0.625  2.30801
0.6275  2.30814
0.63  2.30824
0.6325  2.3083
0.635  2.30832
0.6375  2.30831
0.64  2.30827
0.6425  2.30819
0.645  2.30807
0.6475  2.30792
0.65  2.30773
0.6525  2.30751
0.655  2.30726
0.6575  2.30697
0.66  2.30664
0.6625  2.30629
0.665  2.30589
0.6675  2.30547
0.67  2.30501
0.6725  2.30451
0.675  2.30398
0.6775  2.30342
0.68  2.30283
0.6825  2.3022
0.685  2.30154
0.6875  2.30084
0.69  2.30012
0.6925  2.29936
0.695  2.29856
0.6975  2.29774
0.7  2.29688
0.7025  2.29599
0.705  2.29507
0.7075  2.29411
0.71  2.29313
0.7125  2.29211
0.715  2.29106
0.7175  2.28998
0.72  2.28887
0.7225  2.28772
0.725  2.28655
0.7275  2.28534
0.73  2.2841
0.7325  2.28283
0.735  2.28153
0.7375  2.2802
0.74  2.27884
0.7425  2.27745
0.745  2.27603
0.7475  2.27457
0.75  2.27309
0.7525  2.27158
0.755  2.27004
0.7575  2.26846
0.76  2.26686
0.7625  2.26523
0.765  2.26356
0.7675  2.26187
0.77  2.26015
0.7725  2.2584
0.775  2.25662
0.7775  2.25481
0.78  2.25297
0.7825  2.2511
0.785  2.24921
0.7875  2.24728
0.79  2.24533
0.7925  2.24335
0.795  2.24133
0.7975  2.23929
0.8  2.23723
0.8025  2.23513
0.805  2.23301
0.8075  2.23085
0.81  2.22867
0.8125  2.22646
0.815  2.22423
0.8175  2.22196
0.82  2.21967
0.8225  2.21735
0.825  2.21501
0.8275  2.21263
0.83  2.21023
0.8325  2.2078
0.835  2.20534
0.8375  2.20286
0.84  2.20035
0.8425  2.19781
0.845  2.19525
0.8475  2.19266
0.85  2.19004
0.8525  2.1874
0.855  2.18473
0.8575  2.18203
0.86  2.1793
0.8625  2.17655
0.865  2.17378
0.8675  2.17098
0.87  2.16815
0.8725  2.16529
0.875  2.16241
0.8775  2.15951
0.88  2.15657
0.8825  2.15362
0.885  2.15063
0.8875  2.14762
0.89  2.14459
0.8925  2.14153
0.895  2.13844
0.8975  2.13533
0.9  2.1322
0.9025  2.12904
0.905  2.12585
0.9075  2.12264
0.91  2.1194
0.9125  2.11614
0.915  2.11286
0.9175  2.10955
0.92  2.10621
0.9225  2.10285
0.925  2.09947
0.9275  2.09606
0.93  2.09262
0.9325  2.08917
0.935  2.08568
0.9375  2.08218
0.94  2.07865
0.9425  2.07509
0.945  2.07152
0.9475  2.06791
0.95  2.06429
0.9525  2.06064
0.955  2.05696
0.9575  2.05327
0.96  2.04954
0.9625  2.0458
0.965  2.04203
0.9675  2.03824
0.97  2.03442
0.9725  2.03059
0.975  2.02672
0.9775  2.02284
0.98  2.01893
0.9825  2.015
0.985  2.01105
0.9875  2.00707
0.99  2.00307
0.9925  1.99905
0.995  1.995
0.9975  0
