0  0
0.00222222  0.0896461
0.00444444  0.127659
0.00666667  0.162646
0.00888889  0.195362
0.0111111  0.226262
0.0133333  0.255649
0.0155556  0.283739
0.0177778  0.310694
0.02  0.33664
0.0222222  0.361678
0.0244444  0.385891
0.0266667  0.409347
0.0288889  0.432104
0.0311111  0.454213
0.0333333  0.475717
0.0355556  0.496653
0.0377778  0.517055
0.04  0.536952
0.0422222  0.556372
0.0444444  0.575337
0.0466667  0.593871
0.0488889  0.611991
0.0511111  0.629717
0.0533333  0.647064
0.0555556  0.664048
0.0577778  0.680683
0.06  0.696982
0.0622222  0.712956
0.0644444  0.728618
0.0666667  0.743976
0.0688889  0.759042
0.0711111  0.773824
0.0733333  0.788331
0.0755556  0.80257
0.0777778  0.816551
0.08  0.830279
0.0822222  0.843761
0.0844444  0.857005
0.0866667  0.870016
0.0888889  0.8828
0.0911111  0.895362
0.0933333  0.907709
0.0955556  0.919844
0.0977778  0.931772
0.1  0.943499
0.102222  0.955029
0.104444  0.966365
0.106667  0.977513
0.108889  0.988474
0.111111  0.999255
0.113333  1.00986
0.115556  1.02028
0.117778  1.03054
0.12  1.04063
0.122222  1.05055
0.124444  1.06031
0.126667  1.06991
0.128889  1.07936
0.131111  1.08865
0.133333  1.09779
0.135556  1.10678
0.137778  1.11563
0.14  1.12433
0.142222  1.13289
0.144444  1.1413
0.146667  1.14959
0.148889  1.15773
0.151111  1.16574
0.153333  1.17362
0.155556  1.18138
0.157778  1.189
0.16  1.1965
0.162222  1.20387
0.164444  1.21112
0.166667  1.21825
0.168889  1.22526
0.171111  1.23215
0.173333  1.23892
0.175556  1.24558
0.177778  1.25213
0.18  1.25856
0.182222  1.26489
0.184444  1.2711
0.186667  1.27721
0.188889  1.28321
0.191111  1.2891
0.193333  1.29489
0.195556  1.30058
0.197778  1.30616
0.2  1.31164
0.202222  1.31703
0.204444  1.32231
0.206667  1.3275
0.208889  1.33259
0.211111  1.33759
0.213333  1.34249
0.215556  1.34729
0.217778  1.35201
0.22  1.35663
0.222222  1.36116
0.224444  1.3656
0.226667  1.36996
0.228889  1.37422
0.231111  1.3784
0.233333  1.38249
0.235556  1.38649
0.237778  1.39041
0.24  1.39425
0.242222  1.398
0.244444  1.40167
0.246667  1.40526
0.248889  1.40877
0.251111  1.4122
0.253333  1.41554
0.255556  1.41881
0.257778  1.422
0.26  1.42512
0.262222  1.42815
0.264444  1.43111
0.266667  1.434
0.268889  1.4368
0.271111  1.43954
0.273333  1.4422
0.275556  1.44479
0.277778  1.4473
0.28  1.44974
0.282222  1.45211
0.284444  1.45441
0.286667  1.45664
0.288889  1.4588
0.291111  1.46089
0.293333  1.46292
0.295556  1.46487
0.297778  1.46676
0.3  1.46857
0.302222  1.47033
0.304444  1.47201
0.306667  1.47363
0.308889  1.47519
0.311111  1.47667
0.313333  1.4781
0.315556  1.47946
0.317778  1.48076
0.32  1.48199
0.322222  1.48317
0.324444  1.48428
0.326667  1.48532
0.328889  1.48631
0.331111  1.48724
0.333333  1.4881
0.335556  1.48891
0.337778  1.48965
0.34  1.49034
0.342222  1.49096
0.344444  1.49153
0.346667  1.49204
0.348889  1.4925
0.351111  1.49289
0.353333  1.49323
0.355556  1.49351
0.357778  1.49373
0.36  1.4939
0.362222  1.49402
0.364444  1.49407
0.366667  1.49408
0.368889  1.49402
0.371111  1.49392
0.373333  1.49376
0.375556  1.49354
0.377778  1.49327
0.38  1.49295
0.382222  1.49258
0.384444  1.49215
0.386667  1.49167
0.388889  1.49114
0.391111  1.49056
0.393333  1.48993
0.395556  1.48925
0.397778  1.48851
0.4  1.48773
0.402222  1.48689
0.404444  1.486
0.406667  1.48507
0.408889  1.48409
0.411111  1.48305
0.413333  1.48197
0.415556  1.48084
0.417778  1.47966
0.42  1.47843
0.422222  1.47716
0.424444  1.47584
0.426667  1.47447
0.428889  1.47305
0.431111  1.47159
0.433333  1.47008
0.435556  1.46852
0.437778  1.46692
0.44  1.46527
0.442222  1.46357
0.444444  1.46184
0.446667  1.46005
0.448889  1.45822
0.451111  1.45635
0.453333  1.45443
0.455556  1.45246
0.457778  1.45046
0.46  1.44841
0.462222  1.44631
0.464444  1.44417
0.466667  1.44199
0.468889  1.43977
0.471111  1.4375
0.473333  1.43519
0.475556  1.43284
0.477778  1.43044
0.48  1.42801
0.482222  1.42553
0.484444  1.42301
0.486667  1.42045
0.488889  1.41785
0.491111  1.4152
0.493333  1.41252
0.495556  1.40979
0.497778  1.40703
0.5  1.40422
0.502222  1.40137
0.504444  1.39849
0.506667  1.39556
0.508889  1.39259
0.511111  1.38959
0.513333  1.38654
0.515556  1.38346
0.517778  1.38034
0.52  1.37717
0.522222  1.37397
0.524444  1.37074
0.526667  1.36746
0.528889  1.36414
0.531111  1.36079
0.533333  1.3574
0.535556  1.35397
0.537778  1.3505
0.54  1.347
0.542222  1.34346
0.544444  1.33988
0.546667  1.33627
0.548889  1.33261
0.551111  1.32893
0.553333  1.3252
0.555556  1.32144
0.557778  1.31764
0.56  1.31381
0.562222  1.30994
0.564444  1.30604
0.566667  1.3021
0.568889  1.29812
0.571111  1.29411
0.573333  1.29006
0.575556  1.28598
0.577778  1.28186
0.58  1.27771
0.582222  1.27353
0.584444  1.26931
0.586667  1.26505
0.588889  1.26076
0.591111  1.25644
0.593333  1.25208
0.595556  1.24769
0.597778  1.24327
0.6  1.23881
0.602222  1.23432
0.604444  1.22979
0.606667  1.22523
0.608889  1.22064
0.611111  1.21602
0.613333  1.21136
0.615556  1.20667
0.617778  1.20194
0.62  1.19719
0.622222  1.1924
0.624444  1.18758
0.626667  1.18273
0.628889  1.17784
0.631111  1.17293
0.633333  1.16798
0.635556  1.163
0.637778  1.15798
0.64  1.15294
0.642222  1.14787
0.644444  1.14276
0.646667  1.13762
0.648889  1.13245
0.651111  1.12726
0.653333  1.12202
0.655556  1.11676
0.657778  1.11147
0.66  1.10615
0.662222  1.1008
0.664444  1.09541
0.666667  1.09
0.668889  1.08456
0.671111  1.07908
0.673333  1.07358
0.675556  1.06805
0.677778  1.06248
0.68  1.05689
0.682222  1.05127
0.684444  1.04561
0.686667  1.03993
0.688889  1.03422
0.691111  1.02848
0.693333  1.02271
0.695556  1.01692
0.697778  1.01109
0.7  1.00523
0.702222  0.999348
0.704444  0.993435
0.706667  0.987493
0.708889  0.981523
0.711111  0.975525
0.713333  0.969498
0.715556  0.963443
0.717778  0.95736
0.72  0.951248
0.722222  0.945109
0.724444  0.938942
0.726667  0.932748
0.728889  0.926525
0.731111  0.920275
0.733333  0.913998
0.735556  0.907693
0.737778  0.901361
0.74  0.895001
0.742222  0.888614
0.744444  0.8822
0.746667  0.875759
0.748889  0.869292
0.751111  0.862797
0.753333  0.856275
0.755556  0.849727
0.757778  0.843153
0.76  0.836551
0.762222  0.829923
0.764444  0.823269
0.766667  0.816589
0.768889  0.809882
0.771111  0.803149
0.773333  0.79639
0.775556  0.789605
0.777778  0.782794
0.78  0.775957
0.782222  0.769094
0.784444  0.762206
0.786667  0.755292
0.788889  0.748352
0.791111  0.741387
0.793333  0.734396
0.795556  0.727381
0.797778  0.720339
0.8  0.713273
0.802222  0.706181
0.804444  0.699065
0.806667  0.691923
0.808889  0.684756
0.811111  0.677565
0.813333  0.670349
0.815556  0.663108
0.817778  0.655842
0.82  0.648551
0.822222  0.641237
0.824444  0.633897
0.826667  0.626533
0.828889  0.619145
0.831111  0.611733
0.833333  0.604296
0.835556  0.596836
0.837778  0.589351
0.84  0.581842
0.842222  0.574309
0.844444  0.566752
0.846667  0.559172
0.848889  0.551568
0.851111  0.54394
0.853333  0.536288
0.855556  0.528613
0.857778  0.520914
0.86  0.513192
0.862222  0.505446
0.864444  0.497677
0.866667  0.489885
0.868889  0.482069
0.871111  0.474231
0.873333  0.466369
0.875556  0.458484
0.877778  0.450577
0.88  0.442646
0.882222  0.434692
0.884444  0.426716
0.886667  0.418717
0.888889  0.410695
0.891111  0.40265
0.893333  0.394583
0.895556  0.386494
0.897778  0.378382
0.9  0.370247
0.902222  0.36209
0.904444  0.353911
0.906667  0.34571
0.908889  0.337486
0.911111  0.32924
0.913333  0.320972
0.915556  0.312682
0.917778  0.304371
0.92  0.296037
0.922222  0.287681
0.924444  0.279304
0.926667  0.270904
0.928889  0.262483
0.931111  0.25404
0.933333  0.245576
0.935556  0.23709
0.937778  0.228583
0.94  0.220054
0.942222  0.211504
0.944444  0.202932
0.946667  0.194339
0.948889  0.185725
0.951111  0.177089
0.953333  0.168433
0.955556  0.159755
0.957778  0.151056
0.96  0.142337
0.962222  0.133596
0.964444  0.124834
0.966667  0.116051
0.968889  0.107248
0.971111  0.0984239
0.973333  0.089579
0.975556  0.0807134
0.977778  0.0718272
0.98  0.0629203
0.982222  0.053993
0.984444  0.0450451
0.986667  0.0360768
0.988889  0.0270881
0.991111  0.018079
0.993333  0.00904965
0.995556  5.62756e-38
0.997778  0
