0  0
0.025  0.16329
0.05  0.16501
0.075  0.149655
0.1  0.129114
0.125  0.108326
0.15  0.0893139
0.175  0.072779
0.2  0.058813
0.225  0.0472353
0.25  0.0377587
0.275  0.0300724
0.3  0.0238802
0.325  0.0189173
0.35  0.0149557
0.375  0.0118036
0.4  0.00930209
0.425  0.00732115
0.45  0.00575523
0.475  0.00451923
0.5  0.00354487
0.525  0.00277757
0.55  0.00217387
0.575  0.00169925
0.6  0.00132635
0.625  0.00103352
0.65  0.000803652
0.675  0.000623267
0.7  0.000481737
0.725  0.0003707
0.75  0.000283578
0.775  0.000215204
0.8  0.00016152
0.825  0.000119342
0.85  8.61739e-05
0.875  6.00571e-05
0.9  3.9458e-05
0.925  2.31752e-05
0.95  1.02679e-05
0.975  0
