0  0
0.02  0.0497476
0.04  0.0678114
0.06  0.0828486
0.08  0.0956157
0.1  0.106567
0.12  0.116005
0.14  0.124145
0.16  0.131151
0.18  0.137148
0.2  0.142237
0.22  0.1465
0.24  0.150007
0.26  0.152815
0.28  0.154975
0.3  0.156529
0.32  0.157516
0.34  0.157968
0.36  0.157917
0.38  0.157387
0.4  0.156403
0.42  0.154987
0.44  0.153159
0.46  0.150935
0.48  0.148333
0.5  0.145368
0.52  0.142054
0.54  0.138403
0.56  0.134428
0.58  0.13014
0.6  0.12555
0.62  0.120666
0.64  0.115499
0.66  0.110057
0.68  0.104347
0.7  0.0983781
0.72  0.0921569
0.74  0.0856904
0.76  0.0789849
0.78  0.0720466
0.8  0.0648812
0.82  0.0574945
0.84  0.0498915
0.86  0.0420773
0.88  0.0340568
0.9  0.0258346
0.92  0.0174149
0.94  0.00880203
0.96  0
0.98  0
