0  0
0.0166667  0.094811
0.0333333  0.104814
0.05  0.104173
0.0666667  0.0984406
0.0833333  0.0903887
0.1  0.0814966
0.116667  0.0725725
0.133333  0.0640525
0.15  0.0561583
0.166667  0.0489862
0.183333  0.0425583
0.2  0.0368544
0.216667  0.0318306
0.233333  0.0274312
0.25  0.0235963
0.266667  0.0202656
0.283333  0.0173816
0.3  0.0148905
0.316667  0.0127435
0.333333  0.0108962
0.35  0.00930916
0.366667  0.00794759
0.383333  0.00678075
0.4  0.00578178
0.416667  0.00492729
0.433333  0.00419694
0.45  0.00357312
0.466667  0.00304062
0.483333  0.00258632
0.5  0.00219891
0.516667  0.0018687
0.533333  0.00158735
0.55  0.00134771
0.566667  0.00114367
0.583333  0.00096997
0.6  0.000822148
0.616667  0.000696371
0.633333  0.00058937
0.65  0.000498357
0.666667  0.00042095
0.683333  0.000355123
0.7  0.000299145
0.716667  0.000251544
0.733333  0.000211065
0.75  0.000176641
0.766667  0.000147362
0.783333  0.000122456
0.8  0.000101265
0.816667  8.32292e-05
0.833333  6.78739e-05
0.85  5.47946e-05
0.866667  4.36479e-05
0.883333  3.4142e-05
0.9  2.60288e-05
0.916667  1.90979e-05
0.933333  1.31703e-05
0.95  8.09421e-06
0.966667  3.7406e-06
0.983333  0
