0  0
0.00990099  0.0842978
0.019802  0.159717
0.029703  0.227094
0.039604  0.287187
0.049505  0.340683
0.0594059  0.388204
0.0693069  0.430313
0.0792079  0.467519
0.0891089  0.500286
0.0990099  0.529032
0.108911  0.554136
0.118812  0.575941
0.128713  0.594758
0.138614  0.610868
0.148515  0.624528
0.158416  0.635967
0.168317  0.645396
0.178218  0.653003
0.188119  0.658961
0.19802  0.663425
0.207921  0.666536
0.217822  0.66842
0.227723  0.669195
0.237624  0.668965
0.247525  0.667823
0.257426  0.665857
0.267327  0.663144
0.277228  0.659754
0.287129  0.655751
0.29703  0.651193
0.306931  0.646133
0.316832  0.640617
0.326733  0.634688
0.336634  0.628386
0.346535  0.621745
0.356436  0.614799
0.366337  0.607574
0.376238  0.600098
0.386139  0.592395
0.39604  0.584485
0.405941  0.576388
0.415842  0.568122
0.425743  0.559703
0.435644  0.551145
0.445545  0.542462
0.455446  0.533664
0.465347  0.524764
0.475248  0.51577
0.485149  0.506691
0.49505  0.497536
0.50495  0.488311
0.514851  0.479024
0.524752  0.469679
0.534653  0.460283
0.544554  0.450841
0.554455  0.441356
0.564356  0.431832
0.574257  0.422274
0.584158  0.412685
0.594059  0.403067
0.60396  0.393423
0.613861  0.383756
0.623762  0.374068
0.633663  0.364361
0.643564  0.354636
0.653465  0.344896
0.663366  0.335141
0.673267  0.325373
0.683168  0.315594
0.693069  0.305804
0.70297  0.296005
0.712871  0.286197
0.722772  0.276381
0.732673  0.266558
0.742574  0.256728
0.752475  0.246893
0.762376  0.237052
0.772277  0.227207
0.782178  0.217357
0.792079  0.207503
0.80198  0.197646
0.811881  0.187785
0.821782  0.177922
0.831683  0.168056
0.841584  0.158188
0.851485  0.148317
0.861386  0.138444
0.871287  0.12857
0.881188  0.118694
0.891089  0.108817
0.90099  0.0989378
0.910891  0.0890579
0.920792  0.0791768
0.930693  0.0692948
0.940594  0.0594119
0.950495  0.0495281
0.960396  0.0396437
0.970297  0.0297586
0.980198  0.0198729
0.990099  0.00998661
1  0
