0  0
0.0142857  0.0765663
0.0285714  0.0869539
0.0428571  0.0888081
0.0571429  0.0862132
0.0714286  0.0812952
0.0857143  0.0752497
0.1  0.0687756
0.114286  0.0622867
0.128571  0.0560256
0.142857  0.0501288
0.157143  0.0446662
0.171429  0.0396653
0.185714  0.0351275
0.2  0.0310377
0.214286  0.0273713
0.228571  0.0240984
0.242857  0.021187
0.257143  0.0186046
0.271429  0.0163195
0.285714  0.0143016
0.3  0.0125229
0.314286  0.0109572
0.328571  0.00958092
0.342857  0.00837248
0.357143  0.00731247
0.371429  0.00638348
0.385714  0.00556996
0.4  0.00485806
0.414286  0.00423547
0.428571  0.0036913
0.442857  0.0032159
0.457143  0.00280078
0.471429  0.00243844
0.485714  0.0021223
0.5  0.00184656
0.514286  0.00160612
0.528571  0.00139653
0.542857  0.00121388
0.557143  0.00105474
0.571429  0.000916119
0.585714  0.000795387
0.6  0.000690256
0.614286  0.000598724
0.628571  0.000519042
0.642857  0.000449683
0.657143  0.000389316
0.671429  0.000336779
0.685714  0.000291059
0.7  0.000251272
0.714286  0.00021665
0.728571  0.00018652
0.742857  0.0001603
0.757143  0.000137481
0.771429  0.000117619
0.785714  0.000100328
0.8  8.5275e-05
0.814286  7.21659e-05
0.828571  6.07472e-05
0.842857  5.07978e-05
0.857143  4.21256e-05
0.871429  3.45633e-05
0.885714  2.79655e-05
0.9  2.22057e-05
0.914286  1.71742e-05
0.928571  1.27753e-05
0.942857  8.92601e-06
0.957143  5.55414e-06
0.971429  2.59697e-06
0.985714  0
