0  0
0.0125  0.0634347
0.025  0.0735505
0.0375  0.0767059
0.05  0.0760169
0.0625  0.0731521
0.075  0.0690831
0.0875  0.0644027
0.1  0.0594814
0.1125  0.0545526
0.125  0.0497619
0.1375  0.0451975
0.15  0.0409097
0.1625  0.0369235
0.175  0.0332468
0.1875  0.0298764
0.2  0.026802
0.2125  0.0240087
0.225  0.0214793
0.2375  0.019195
0.25  0.0171368
0.2625  0.0152862
0.275  0.0136248
0.2875  0.0121357
0.3  0.0108026
0.3125  0.00961052
0.325  0.00854563
0.3375  0.0075952
0.35  0.00674759
0.3625  0.00599221
0.375  0.00531946
0.3875  0.00472063
0.4  0.00418788
0.4125  0.00371414
0.425  0.00329306
0.4375  0.00291893
0.45  0.00258664
0.4625  0.00229159
0.475  0.00202971
0.4875  0.00179731
0.5  0.00159114
0.5125  0.00140828
0.525  0.00124613
0.5375  0.00110237
0.55  0.000974936
0.5625  0.000861995
0.575  0.000761914
0.5875  0.00067324
0.6  0.000594684
0.6125  0.000525098
0.625  0.000463464
0.6375  0.000408879
0.65  0.00036054
0.6625  0.000317734
0.675  0.000279831
0.6875  0.00024627
0.7  0.000216554
0.7125  0.000190243
0.725  0.000166947
0.7375  0.000146319
0.75  0.000128054
0.7625  0.000111879
0.775  9.75542e-05
0.7875  8.48669e-05
0.8  7.36283e-05
0.8125  6.36713e-05
0.825  5.48481e-05
0.8375  4.70279e-05
0.85  4.00949e-05
0.8625  3.39465e-05
0.875  2.8492e-05
0.8875  2.36512e-05
0.9  1.93531e-05
0.9125  1.55349e-05
0.925  1.21409e-05
0.9375  9.122e-06
0.95  6.43476e-06
0.9625  4.04069e-06
0.975  1.9058e-06
0.9875  0
