0  0
0.000999001  0
0.001998  0
0.002997  0
0.003996  0
0.004995  0
0.00599401  0
0.00699301  0
0.00799201  0
0.00899101  0
0.00999001  0
0.010989  0
0.011988  0
0.012987  0
0.013986  0
0.014985  0
0.015984  0
0.016983  0
0.017982  0
0.018981  0
0.01998  0
0.020979  0
0.021978  0
0.022977  0
0.023976  0
0.024975  0
0.025974  0
0.026973  0
0.027972  0
0.028971  0
0.02997  0
0.030969  0
0.031968  0
0.032967  0
0.033966  0
0.034965  0
0.035964  0
0.036963  0
0.037962  0
0.038961  0
0.03996  0
0.040959  0
0.041958  0
0.042957  0
0.043956  0
0.044955  0
0.045954  0
0.046953  0
0.047952  0
0.048951  0
0.04995  0
0.0509491  0
0.0519481  0
0.0529471  0
0.0539461  0
0.0549451  0
0.0559441  0
0.0569431  0
0.0579421  0
0.0589411  0
0.0599401  0
0.0609391  0
0.0619381  0
0.0629371  0
0.0639361  0
0.0649351  0
0.0659341  0
0.0669331  0
0.0679321  0
0.0689311  0
0.0699301  0
0.0709291  0
0.0719281  0
0.0729271  0
0.0739261  0
0.0749251  0
0.0759241  0
0.0769231  0
0.0779221  0
0.0789211  0
0.0799201  0
0.0809191  0
0.0819181  0
0.0829171  0
0.0839161  0
0.0849151  0
0.0859141  0
0.0869131  0
0.0879121  0
0.0889111  0
0.0899101  0
0.0909091  0
0.0919081  0
0.0929071  0
0.0939061  0
0.0949051  0
0.0959041  0
0.0969031  0
0.0979021  0
0.0989011  0
0.0999001  0
0.100899  0
0.101898  0
0.102897  0
0.103896  0
0.104895  0
0.105894  0
0.106893  0
0.107892  0
0.108891  0
0.10989  0
0.110889  0
0.111888  0
0.112887  0
0.113886  0
0.114885  0
0.115884  0
0.116883  0
0.117882  0
0.118881  0
0.11988  0
0.120879  0
0.121878  0
0.122877  0
0.123876  0
0.124875  0
0.125874  0
0.126873  0
0.127872  0
0.128871  0
0.12987  0
0.130869  0
0.131868  0
0.132867  0
0.133866  0
0.134865  0
0.135864  0
0.136863  0
0.137862  0
0.138861  0
0.13986  0
0.140859  0
0.141858  0
0.142857  0
0.143856  0
0.144855  0
0.145854  0
0.146853  0
0.147852  0
0.148851  0
0.14985  0
0.150849  0
0.151848  0
0.152847  0
0.153846  0
0.154845  0
0.155844  0
0.156843  0
0.157842  0
0.158841  0
0.15984  0
0.160839  0
0.161838  0
0.162837  0
0.163836  0
0.164835  0
0.165834  0
0.166833  0
0.167832  0
0.168831  0
0.16983  0
0.170829  0
0.171828  0
0.172827  0
0.173826  0
0.174825  0
0.175824  0
0.176823  0
0.177822  0
0.178821  0
0.17982  0
0.180819  0
0.181818  0
0.182817  0
0.183816  0
0.184815  0
0.185814  0
0.186813  0
0.187812  0
0.188811  0
0.18981  0
0.190809  0
0.191808  0
0.192807  0
0.193806  0
0.194805  0
0.195804  0
0.196803  0
0.197802  0
0.198801  0
0.1998  0
0.200799  0
0.201798  0
0.202797  0
0.203796  0
0.204795  0
0.205794  0
0.206793  0
0.207792  0
0.208791  0
0.20979  0
0.210789  0
0.211788  0
0.212787  0
0.213786  0
0.214785  0
0.215784  0
0.216783  0
0.217782  0
0.218781  0
0.21978  0
0.220779  0
0.221778  0
0.222777  0
0.223776  0
0.224775  0
0.225774  0
0.226773  0
0.227772  0
0.228771  0
0.22977  0
0.230769  0
0.231768  0
0.232767  0
0.233766  0
0.234765  0
0.235764  0
0.236763  0
0.237762  0
0.238761  0
0.23976  0
0.240759  0
0.241758  0
0.242757  0
0.243756  0
0.244755  0
0.245754  0
0.246753  0
0.247752  0
0.248751  0
0.24975  0
0.250749  0
0.251748  0
0.252747  0
0.253746  0
0.254745  0
0.255744  0
0.256743  0
0.257742  0
0.258741  0
0.25974  0
0.260739  0
0.261738  0
0.262737  0
0.263736  0
0.264735  0
0.265734  0
0.266733  0
0.267732  0
0.268731  0
0.26973  0
0.270729  0
0.271728  0
0.272727  0
0.273726  0
0.274725  0
0.275724  0
0.276723  0
0.277722  0
0.278721  0
0.27972  0
0.280719  0
0.281718  0
0.282717  0
0.283716  0
0.284715  0
0.285714  0
0.286713  0
0.287712  0
0.288711  0
0.28971  0
0.290709  0
0.291708  0
0.292707  0
0.293706  0
0.294705  0
0.295704  0
0.296703  0
0.297702  0
0.298701  0
0.2997  0
0.300699  0
0.301698  0
0.302697  0
0.303696  0
0.304695  0
0.305694  0
0.306693  0
0.307692  0
0.308691  0
0.30969  0
0.310689  0
0.311688  0
0.312687  0
0.313686  0
0.314685  0
0.315684  0
0.316683  0
0.317682  0
0.318681  0
0.31968  0
0.320679  0
0.321678  0
0.322677  0
0.323676  0
0.324675  0
0.325674  0
0.326673  0
0.327672  0
0.328671  0
0.32967  0
0.330669  0
0.331668  0
0.332667  0
0.333666  0
0.334665  0
0.335664  0
0.336663  0
0.337662  0
0.338661  0
0.33966  0
0.340659  0
0.341658  0
0.342657  0
0.343656  0
0.344655  0
0.345654  0
0.346653  0
0.347652  0
0.348651  0
0.34965  0
0.350649  0
0.351648  0
0.352647  0
0.353646  0
0.354645  0
0.355644  0
0.356643  0
0.357642  0
0.358641  0
0.35964  0
0.360639  0
0.361638  0
0.362637  0
0.363636  0
0.364635  0
0.365634  0
0.366633  0
0.367632  0
0.368631  0
0.36963  0
0.370629  0
0.371628  0
0.372627  0
0.373626  0
0.374625  0
0.375624  0
0.376623  0
0.377622  0
0.378621  0
0.37962  0
0.380619  0
0.381618  0
0.382617  0
0.383616  0
0.384615  0
0.385614  0
0.386613  0
0.387612  0
0.388611  0
0.38961  0
0.390609  0
0.391608  0
0.392607  0
0.393606  0
0.394605  0
0.395604  0
0.396603  0
0.397602  0
0.398601  0
0.3996  0
0.400599  0
0.401598  0
0.402597  0
0.403596  0
0.404595  0
0.405594  0
0.406593  0
0.407592  0
0.408591  0
0.40959  0
0.410589  0
0.411588  0
0.412587  0
0.413586  0
0.414585  0
0.415584  0
0.416583  0
0.417582  0
0.418581  0
0.41958  0
0.420579  0
0.421578  0
0.422577  0
0.423576  0
0.424575  0
0.425574  0
0.426573  0
0.427572  0
0.428571  0
0.42957  0
0.430569  0
0.431568  0
0.432567  0
0.433566  0
0.434565  0
0.435564  0
0.436563  0
0.437562  0
0.438561  0
0.43956  0
0.440559  0
0.441558  0
0.442557  0
0.443556  0
0.444555  0
0.445554  0
0.446553  0
0.447552  0
0.448551  0
0.44955  0
0.450549  0
0.451548  0
0.452547  0
0.453546  0
0.454545  0
0.455544  0
0.456543  0
0.457542  0
0.458541  0
0.45954  0
0.460539  0
0.461538  0
0.462537  0
0.463536  0
0.464535  0
0.465534  0
0.466533  0
0.467532  0
0.468531  0
0.46953  0
0.470529  0
0.471528  0
0.472527  0
0.473526  0
0.474525  0
0.475524  0
0.476523  0
0.477522  0
0.478521  0
0.47952  0
0.480519  0
0.481518  0
0.482517  0
0.483516  0
0.484515  0
0.485514  0
0.486513  0
0.487512  0
0.488511  0
0.48951  0
0.490509  0
0.491508  0
0.492507  0
0.493506  0
0.494505  0
0.495504  0
0.496503  0
0.497502  0
0.498501  0
0.4995  0
0.5005  0
0.501499  0
0.502498  0
0.503497  0
0.504496  0
0.505495  0
0.506494  0
0.507493  0
0.508492  0
0.509491  0
0.51049  0
0.511489  0
0.512488  0
0.513487  0
0.514486  0
0.515485  0
0.516484  0
0.517483  0
0.518482  0
0.519481  0
0.52048  0
0.521479  0
0.522478  0
0.523477  0
0.524476  0
0.525475  0
0.526474  0
0.527473  0
0.528472  0
0.529471  0
0.53047  0
0.531469  0
0.532468  0
0.533467  0
0.534466  0
0.535465  0
0.536464  0
0.537463  0
0.538462  0
0.539461  0
0.54046  0
0.541459  0
0.542458  0
0.543457  0
0.544456  0
0.545455  0
0.546454  0
0.547453  0
0.548452  0
0.549451  0
0.55045  0
0.551449  0
0.552448  0
0.553447  0
0.554446  0
0.555445  0
0.556444  0
0.557443  0
0.558442  0
0.559441  0
0.56044  0
0.561439  0
0.562438  0
0.563437  0
0.564436  0
0.565435  0
0.566434  0
0.567433  0
0.568432  0
0.569431  0
0.57043  0
0.571429  0
0.572428  0
0.573427  0
0.574426  0
0.575425  0
0.576424  0
0.577423  0
0.578422  0
0.579421  0
0.58042  0
0.581419  0
0.582418  0
0.583417  0
0.584416  0
0.585415  0
0.586414  0
0.587413  0
0.588412  0
0.589411  0
0.59041  0
0.591409  0
0.592408  0
0.593407  0
0.594406  0
0.595405  0
0.596404  0
0.597403  0
0.598402  0
0.599401  0
0.6004  0
0.601399  0
0.602398  0
0.603397  0
0.604396  0
0.605395  0
0.606394  0
0.607393  0
0.608392  0
0.609391  0
0.61039  0
0.611389  0
0.612388  0
0.613387  0
0.614386  0
0.615385  0
0.616384  0
0.617383  0
0.618382  0
0.619381  0
0.62038  0
0.621379  0
0.622378  0
0.623377  0
0.624376  0
0.625375  0
0.626374  0
0.627373  0
0.628372  0
0.629371  0
0.63037  0
0.631369  0
0.632368  0
0.633367  0
0.634366  0
0.635365  0
0.636364  0
0.637363  0
0.638362  0
0.639361  0
0.64036  0
0.641359  0
0.642358  0
0.643357  0
0.644356  0
0.645355  0
0.646354  0
0.647353  0
0.648352  0
0.649351  0
0.65035  0
0.651349  0
0.652348  0
0.653347  0
0.654346  0
0.655345  0
0.656344  0
0.657343  0
0.658342  0
0.659341  0
0.66034  0
0.661339  0
0.662338  0
0.663337  0
0.664336  0
0.665335  0
0.666334  0
0.667333  0
0.668332  0
0.669331  0
0.67033  0
0.671329  0
0.672328  0
0.673327  0
0.674326  0
0.675325  0
0.676324  0
0.677323  0
0.678322  0
0.679321  0
0.68032  0
0.681319  0
0.682318  0
0.683317  0
0.684316  0
0.685315  0
0.686314  0
0.687313  0
0.688312  0
0.689311  0
0.69031  0
0.691309  0
0.692308  0
0.693307  0
0.694306  0
0.695305  0
0.696304  0
0.697303  0
0.698302  0
0.699301  0
0.7003  0
0.701299  0
0.702298  0
0.703297  0
0.704296  0
0.705295  0
0.706294  0
0.707293  0
0.708292  0
0.709291  0
0.71029  0
0.711289  0
0.712288  0
0.713287  0
0.714286  0
0.715285  0
0.716284  0
0.717283  0
0.718282  0
0.719281  0
0.72028  0
0.721279  0
0.722278  0
0.723277  0
0.724276  0
0.725275  0
0.726274  0
0.727273  0
0.728272  0
0.729271  0
0.73027  0
0.731269  0
0.732268  0
0.733267  0
0.734266  0
0.735265  0
0.736264  0
0.737263  0
0.738262  0
0.739261  0
0.74026  0
0.741259  0
0.742258  0
0.743257  0
0.744256  0
0.745255  0
0.746254  0
0.747253  0
0.748252  0
0.749251  0
0.75025  0
0.751249  0
0.752248  0
0.753247  0
0.754246  0
0.755245  0
0.756244  0
0.757243  0
0.758242  0
0.759241  0
0.76024  0
0.761239  0
0.762238  0
0.763237  0
0.764236  0
0.765235  0
0.766234  0
0.767233  0
0.768232  0
0.769231  0
0.77023  0
0.771229  0
0.772228  0
0.773227  0
0.774226  0
0.775225  0
0.776224  0
0.777223  0
0.778222  0
0.779221  0
0.78022  0
0.781219  0
0.782218  0
0.783217  0
0.784216  0
0.785215  0
0.786214  0
0.787213  0
0.788212  0
0.789211  0
0.79021  0
0.791209  0
0.792208  0
0.793207  0
0.794206  0
0.795205  0
0.796204  0
0.797203  0
0.798202  0
0.799201  0
0.8002  0
0.801199  0
0.802198  0
0.803197  0
0.804196  0
0.805195  0
0.806194  0
0.807193  0
0.808192  0
0.809191  0
0.81019  0
0.811189  0
0.812188  0
0.813187  0
0.814186  0
0.815185  0
0.816184  0
0.817183  0
0.818182  0
0.819181  0
0.82018  0
0.821179  0
0.822178  0
0.823177  0
0.824176  0
0.825175  0
0.826174  0
0.827173  0
0.828172  0
0.829171  0
0.83017  0
0.831169  0
0.832168  0
0.833167  0
0.834166  0
0.835165  0
0.836164  0
0.837163  0
0.838162  0
0.839161  0
0.84016  0
0.841159  0
0.842158  0
0.843157  0
0.844156  0
0.845155  0
0.846154  0
0.847153  0
0.848152  0
0.849151  0
0.85015  0
0.851149  0
0.852148  0
0.853147  0
0.854146  0
0.855145  0
0.856144  0
0.857143  0
0.858142  0
0.859141  0
0.86014  0
0.861139  0
0.862138  0
0.863137  0
0.864136  0
0.865135  0
0.866134  0
0.867133  0
0.868132  0
0.869131  0
0.87013  0
0.871129  0
0.872128  0
0.873127  0
0.874126  0
0.875125  0
0.876124  0
0.877123  0
0.878122  0
0.879121  0
0.88012  0
0.881119  0
0.882118  0
0.883117  0
0.884116  0
0.885115  0
0.886114  0
0.887113  0
0.888112  0
0.889111  0
0.89011  0
0.891109  0
0.892108  0
0.893107  0
0.894106  0
0.895105  0
0.896104  0
0.897103  0
0.898102  0
0.899101  0
0.9001  0
0.901099  0
0.902098  0
0.903097  0
0.904096  0
0.905095  0
0.906094  0
0.907093  0
0.908092  0
0.909091  0
0.91009  0
0.911089  0
0.912088  0
0.913087  0
0.914086  0
0.915085  0
0.916084  0
0.917083  0
0.918082  0
0.919081  0
0.92008  0
0.921079  0
0.922078  0
0.923077  0
0.924076  0
0.925075  0
0.926074  0
0.927073  0
0.928072  0
0.929071  0
0.93007  0
0.931069  0
0.932068  0
0.933067  0
0.934066  0
0.935065  0
0.936064  0
0.937063  0
0.938062  0
0.939061  0
0.94006  0
0.941059  0
0.942058  0
0.943057  0
0.944056  0
0.945055  0
0.946054  0
0.947053  0
0.948052  0
0.949051  0
0.95005  0
0.951049  0
0.952048  0
0.953047  0
0.954046  0
0.955045  0
0.956044  0
0.957043  0
0.958042  0
0.959041  0
0.96004  0
0.961039  0
0.962038  0
0.963037  0
0.964036  0
0.965035  0
0.966034  0
0.967033  0
0.968032  0
0.969031  0
0.97003  0
0.971029  0
0.972028  0
0.973027  0
0.974026  0
0.975025  0
0.976024  0
0.977023  0
0.978022  0
0.979021  0
0.98002  0
0.981019  0
0.982018  0
0.983017  0
0.984016  0
0.985015  0
0.986014  0
0.987013  0
0.988012  0
0.989011  0
0.99001  0
0.991009  0
0.992008  0
0.993007  0
0.994006  0
0.995005  0
0.996004  0
0.997003  0
0.998002  0
0.999001  0
1  0
