0  0
0.00990099  0
0.019802  0
0.029703  0
0.039604  0
0.049505  0
0.0594059  0
0.0693069  0
0.0792079  0
0.0891089  0
0.0990099  0
0.108911  0
0.118812  0
0.128713  0
0.138614  0
0.148515  0
0.158416  0
0.168317  0
0.178218  0
0.188119  0
0.19802  0
0.207921  0
0.217822  0
0.227723  0
0.237624  0
0.247525  0
0.257426  0
0.267327  0
0.277228  0
0.287129  0
0.29703  0
0.306931  0
0.316832  0
0.326733  0
0.336634  0
0.346535  0
0.356436  0
0.366337  0
0.376238  0
0.386139  0
0.39604  0
0.405941  0
0.415842  0
0.425743  0
0.435644  0
0.445545  0
0.455446  0
0.465347  0
0.475248  0
0.485149  0
0.49505  0
0.50495  0
0.514851  0
0.524752  0
0.534653  0
0.544554  0
0.554455  0
0.564356  0
0.574257  0
0.584158  0
0.594059  0
0.60396  0
0.613861  0
0.623762  0
0.633663  0
0.643564  0
0.653465  0
0.663366  0
0.673267  0
0.683168  0
0.693069  0
0.70297  0
0.712871  0
0.722772  0
0.732673  0
0.742574  0
0.752475  0
0.762376  0
0.772277  0
0.782178  0
0.792079  0
0.80198  0
0.811881  0
0.821782  0
0.831683  0
0.841584  0
0.851485  0
0.861386  0
0.871287  0
0.881188  0
0.891089  0
0.90099  0
0.910891  0
0.920792  0
0.930693  0
0.940594  0
0.950495  0
0.960396  0
0.970297  0
0.980198  0
0.990099  0
1  0
