0  0
0.0111111  0.0536137
0.0222222  0.0632002
0.0333333  0.0670164
0.0444444  0.0675102
0.0555556  0.0660196
0.0666667  0.063343
0.0777778  0.059982
0.0888889  0.0562617
0.1  0.0523958
0.111111  0.0485258
0.122222  0.0447443
0.133333  0.0411108
0.144444  0.0376619
0.155556  0.0344181
0.166667  0.0313889
0.177778  0.028576
0.188889  0.0259757
0.2  0.023581
0.211111  0.0213824
0.222222  0.0193691
0.233333  0.0175297
0.244444  0.0158522
0.255556  0.014325
0.266667  0.0129366
0.277778  0.011676
0.288889  0.0105326
0.3  0.00949666
0.311111  0.00855882
0.322222  0.00771047
0.333333  0.00694362
0.344444  0.00625089
0.355556  0.00562547
0.366667  0.00506112
0.377778  0.00455211
0.388889  0.00409322
0.4  0.00367969
0.411111  0.00330716
0.422222  0.00297168
0.433333  0.00266966
0.444444  0.00239785
0.455556  0.00215328
0.466667  0.00193328
0.477778  0.00173543
0.488889  0.00155753
0.5  0.0013976
0.511111  0.00125386
0.522222  0.00112469
0.533333  0.00100862
0.544444  0.000904354
0.555556  0.000810692
0.566667  0.00072657
0.577778  0.000651025
0.588889  0.000583189
0.6  0.000522281
0.611111  0.000467599
0.622222  0.000418509
0.633333  0.000374444
0.644444  0.000334892
0.655556  0.000299391
0.666667  0.000267528
0.677778  0.000238932
0.688889  0.000213269
0.7  0.000190237
0.711111  0.000169567
0.722222  0.000151018
0.733333  0.00013437
0.744444  0.000119429
0.755556  0.000106019
0.766667  9.39827e-05
0.777778  8.31784e-05
0.788889  7.34793e-05
0.8  6.47713e-05
0.811111  5.69522e-05
0.822222  4.99303e-05
0.833333  4.36232e-05
0.844444  3.79571e-05
0.855556  3.28656e-05
0.866667  2.82893e-05
0.877778  2.41749e-05
0.888889  2.04747e-05
0.9  1.71456e-05
0.911111  1.41492e-05
0.922222  1.14511e-05
0.933333  9.02035e-06
0.944444  6.82914e-06
0.955556  4.85267e-06
0.966667  3.06863e-06
0.977778  1.45704e-06
0.988889  0
