0  0
0.002  0.0915594
0.004  0.130529
0.006  0.166472
0.008  0.200145
0.01  0.232002
0.012  0.262346
0.014  0.291393
0.016  0.319304
0.018  0.346207
0.02  0.372202
0.022  0.397371
0.024  0.421783
0.026  0.445498
0.028  0.468563
0.03  0.491023
0.032  0.512916
0.034  0.534275
0.036  0.555129
0.038  0.575505
0.04  0.595427
0.042  0.614917
0.044  0.633994
0.046  0.652677
0.048  0.670981
0.05  0.688922
0.052  0.706513
0.054  0.723769
0.056  0.7407
0.058  0.757318
0.06  0.773633
0.062  0.789655
0.064  0.805394
0.066  0.820857
0.068  0.836054
0.07  0.850991
0.072  0.865675
0.074  0.880115
0.076  0.894315
0.078  0.908283
0.08  0.922023
0.082  0.935542
0.084  0.948845
0.086  0.961937
0.088  0.974823
0.09  0.987506
0.092  0.999992
0.094  1.01229
0.096  1.02439
0.098  1.03631
0.1  1.04804
0.102  1.0596
0.104  1.07099
0.106  1.0822
0.108  1.09325
0.11  1.10413
0.112  1.11484
0.114  1.1254
0.116  1.1358
0.118  1.14605
0.12  1.15615
0.122  1.1661
0.124  1.1759
0.126  1.18555
0.128  1.19507
0.13  1.20444
0.132  1.21368
0.134  1.22279
0.136  1.23175
0.138  1.24059
0.14  1.2493
0.142  1.25788
0.144  1.26633
0.146  1.27466
0.148  1.28287
0.15  1.29095
0.152  1.29892
0.154  1.30677
0.156  1.3145
0.158  1.32212
0.16  1.32962
0.162  1.33701
0.164  1.34429
0.166  1.35146
0.168  1.35852
0.17  1.36548
0.172  1.37233
0.174  1.37908
0.176  1.38572
0.178  1.39226
0.18  1.3987
0.182  1.40504
0.184  1.41128
0.186  1.41743
0.188  1.42347
0.19  1.42943
0.192  1.43528
0.194  1.44105
0.196  1.44672
0.198  1.4523
0.2  1.45778
0.202  1.46318
0.204  1.46849
0.206  1.47371
0.208  1.47885
0.21  1.4839
0.212  1.48886
0.214  1.49373
0.216  1.49853
0.218  1.50324
0.22  1.50786
0.222  1.51241
0.224  1.51687
0.226  1.52126
0.228  1.52556
0.23  1.52979
0.232  1.53393
0.234  1.538
0.236  1.542
0.238  1.54591
0.24  1.54975
0.242  1.55352
0.244  1.55721
0.246  1.56083
0.248  1.56437
0.25  1.56784
0.252  1.57124
0.254  1.57457
0.256  1.57782
0.258  1.58101
0.26  1.58413
0.262  1.58717
0.264  1.59015
0.266  1.59306
0.268  1.59591
0.27  1.59868
0.272  1.60139
0.274  1.60403
0.276  1.60661
0.278  1.60912
0.28  1.61157
0.282  1.61395
0.284  1.61626
0.286  1.61852
0.288  1.62071
0.29  1.62284
0.292  1.62491
0.294  1.62691
0.296  1.62885
0.298  1.63074
0.3  1.63256
0.302  1.63432
0.304  1.63602
0.306  1.63766
0.308  1.63925
0.31  1.64077
0.312  1.64224
0.314  1.64365
0.316  1.645
0.318  1.64629
0.32  1.64753
0.322  1.64871
0.324  1.64984
0.326  1.65091
0.328  1.65192
0.33  1.65288
0.332  1.65379
0.334  1.65464
0.336  1.65543
0.338  1.65618
0.34  1.65686
0.342  1.6575
0.344  1.65808
0.346  1.65861
0.348  1.65909
0.35  1.65952
0.352  1.65989
0.354  1.66022
0.356  1.66049
0.358  1.66071
0.36  1.66088
0.362  1.661
0.364  1.66108
0.366  1.6611
0.368  1.66107
0.37  1.66099
0.372  1.66087
0.374  1.66069
0.376  1.66047
0.378  1.6602
0.38  1.65988
0.382  1.65952
0.384  1.6591
0.386  1.65864
0.388  1.65814
0.39  1.65758
0.392  1.65698
0.394  1.65634
0.396  1.65565
0.398  1.65491
0.4  1.65413
0.402  1.6533
0.404  1.65242
0.406  1.65151
0.408  1.65054
0.41  1.64954
0.412  1.64849
0.414  1.64739
0.416  1.64626
0.418  1.64507
0.42  1.64385
0.422  1.64258
0.424  1.64127
0.426  1.63992
0.428  1.63852
0.43  1.63708
0.432  1.6356
0.434  1.63408
0.436  1.63252
0.438  1.63092
0.44  1.62927
0.442  1.62758
0.444  1.62585
0.446  1.62408
0.448  1.62228
0.45  1.62043
0.452  1.61854
0.454  1.61661
0.456  1.61464
0.458  1.61263
0.46  1.61058
0.462  1.60849
0.464  1.60636
0.466  1.6042
0.468  1.60199
0.47  1.59975
0.472  1.59747
0.474  1.59515
0.476  1.59279
0.478  1.59039
0.48  1.58796
0.482  1.58548
0.484  1.58297
0.486  1.58043
0.488  1.57784
0.49  1.57522
0.492  1.57256
0.494  1.56987
0.496  1.56714
0.498  1.56437
0.5  1.56156
0.502  1.55872
0.504  1.55585
0.506  1.55293
0.508  1.54999
0.51  1.547
0.512  1.54398
0.514  1.54093
0.516  1.53784
0.518  1.53471
0.52  1.53155
0.522  1.52836
0.524  1.52513
0.526  1.52187
0.528  1.51857
0.53  1.51524
0.532  1.51187
0.534  1.50847
0.536  1.50503
0.538  1.50157
0.54  1.49806
0.542  1.49453
0.544  1.49096
0.546  1.48736
0.548  1.48372
0.55  1.48006
0.552  1.47635
0.554  1.47262
0.556  1.46885
0.558  1.46506
0.56  1.46122
0.562  1.45736
0.564  1.45346
0.566  1.44954
0.568  1.44558
0.57  1.44158
0.572  1.43756
0.574  1.43351
0.576  1.42942
0.578  1.4253
0.58  1.42115
0.582  1.41697
0.584  1.41276
0.586  1.40852
0.588  1.40424
0.59  1.39994
0.592  1.3956
0.594  1.39124
0.596  1.38684
0.598  1.38241
0.6  1.37796
0.602  1.37347
0.604  1.36895
0.606  1.36441
0.608  1.35983
0.61  1.35522
0.612  1.35059
0.614  1.34592
0.616  1.34123
0.618  1.3365
0.62  1.33175
0.622  1.32696
0.624  1.32215
0.626  1.31731
0.628  1.31244
0.63  1.30754
0.632  1.30261
0.634  1.29766
0.636  1.29267
0.638  1.28766
0.64  1.28262
0.642  1.27755
0.644  1.27245
0.646  1.26732
0.648  1.26217
0.65  1.25698
0.652  1.25177
0.654  1.24653
0.656  1.24127
0.658  1.23598
0.66  1.23066
0.662  1.22531
0.664  1.21993
0.666  1.21453
0.668  1.2091
0.67  1.20364
0.672  1.19816
0.674  1.19265
0.676  1.18711
0.678  1.18154
0.68  1.17595
0.682  1.17033
0.684  1.16469
0.686  1.15902
0.688  1.15332
0.69  1.1476
0.692  1.14185
0.694  1.13607
0.696  1.13027
0.698  1.12444
0.7  1.11858
0.702  1.1127
0.704  1.1068
0.706  1.10087
0.708  1.09491
0.71  1.08893
0.712  1.08292
0.714  1.07688
0.716  1.07082
0.718  1.06474
0.72  1.05863
0.722  1.0525
0.724  1.04634
0.726  1.04015
0.728  1.03394
0.73  1.02771
0.732  1.02145
0.734  1.01516
0.736  1.00885
0.738  1.00252
0.74  0.996161
0.742  0.989778
0.744  0.983371
0.746  0.976939
0.748  0.970484
0.75  0.964004
0.752  0.9575
0.754  0.950972
0.756  0.944419
0.758  0.937843
0.76  0.931243
0.762  0.924619
0.764  0.917972
0.766  0.9113
0.768  0.904605
0.77  0.897887
0.772  0.891145
0.774  0.884379
0.776  0.87759
0.778  0.870778
0.78  0.863942
0.782  0.857083
0.784  0.850202
0.786  0.843296
0.788  0.836368
0.79  0.829417
0.792  0.822443
0.794  0.815446
0.796  0.808427
0.798  0.801384
0.8  0.794319
0.802  0.787231
0.804  0.780121
0.806  0.772988
0.808  0.765832
0.81  0.758655
0.812  0.751454
0.814  0.744232
0.816  0.736987
0.818  0.72972
0.82  0.722431
0.822  0.71512
0.824  0.707787
0.826  0.700431
0.828  0.693054
0.83  0.685655
0.832  0.678234
0.834  0.670792
0.836  0.663327
0.838  0.655841
0.84  0.648334
0.842  0.640804
0.844  0.633254
0.846  0.625681
0.848  0.618088
0.85  0.610473
0.852  0.602837
0.854  0.595179
0.856  0.5875
0.858  0.5798
0.86  0.572079
0.862  0.564337
0.864  0.556574
0.866  0.54879
0.868  0.540985
0.87  0.533159
0.872  0.525312
0.874  0.517445
0.876  0.509556
0.878  0.501648
0.88  0.493718
0.882  0.485768
0.884  0.477797
0.886  0.469806
0.888  0.461794
0.89  0.453762
0.892  0.44571
0.894  0.437637
0.896  0.429544
0.898  0.421431
0.9  0.413298
0.902  0.405144
0.904  0.39697
0.906  0.388777
0.908  0.380563
0.91  0.37233
0.912  0.364076
0.914  0.355803
0.916  0.347509
0.918  0.339196
0.92  0.330864
0.922  0.322511
0.924  0.314139
0.926  0.305747
0.928  0.297336
0.93  0.288905
0.932  0.280455
0.934  0.271985
0.936  0.263496
0.938  0.254988
0.94  0.24646
0.942  0.237913
0.944  0.229347
0.946  0.220761
0.948  0.212156
0.95  0.203533
0.952  0.19489
0.954  0.186228
0.956  0.177547
0.958  0.168847
0.96  0.160128
0.962  0.151391
0.964  0.142634
0.966  0.133859
0.968  0.125065
0.97  0.116252
0.972  0.107421
0.974  0.0985707
0.976  0.089702
0.978  0.0808147
0.98  0.0719089
0.982  0.0629847
0.984  0.0540419
0.986  0.0450808
0.988  0.0361012
0.99  0.0271033
0.992  0.0180871
0.994  0.00905269
0.996  0
0.998  0
