0  0
0.00990099  0.0842968
0.019802  0.159715
0.029703  0.227091
0.039604  0.287183
0.049505  0.340678
0.0594059  0.388198
0.0693069  0.430306
0.0792079  0.467512
0.0891089  0.500278
0.0990099  0.529022
0.108911  0.554125
0.118812  0.575929
0.128713  0.594745
0.138614  0.610854
0.148515  0.624513
0.158416  0.635951
0.168317  0.645379
0.178218  0.652986
0.188119  0.658943
0.19802  0.663405
0.207921  0.666515
0.217822  0.668399
0.227723  0.669173
0.237624  0.668941
0.247525  0.667799
0.257426  0.665832
0.267327  0.663117
0.277228  0.659727
0.287129  0.655723
0.29703  0.651164
0.306931  0.646102
0.316832  0.640585
0.326733  0.634656
0.336634  0.628353
0.346535  0.621711
0.356436  0.614763
0.366337  0.607538
0.376238  0.600061
0.386139  0.592356
0.39604  0.584446
0.405941  0.576348
0.415842  0.568081
0.425743  0.559661
0.435644  0.551102
0.445545  0.542418
0.455446  0.533619
0.465347  0.524718
0.475248  0.515723
0.485149  0.506643
0.49505  0.497487
0.50495  0.488261
0.514851  0.478973
0.524752  0.469628
0.534653  0.460231
0.544554  0.450787
0.554455  0.441301
0.564356  0.431777
0.574257  0.422218
0.584158  0.412627
0.594059  0.403008
0.60396  0.393364
0.613861  0.383696
0.623762  0.374006
0.633663  0.364298
0.643564  0.354572
0.653465  0.344831
0.663366  0.335075
0.673267  0.325307
0.683168  0.315526
0.693069  0.305736
0.70297  0.295935
0.712871  0.286126
0.722772  0.276309
0.732673  0.266485
0.742574  0.256655
0.752475  0.246818
0.762376  0.236977
0.772277  0.22713
0.782178  0.21728
0.792079  0.207425
0.80198  0.197567
0.811881  0.187705
0.821782  0.177841
0.831683  0.167974
0.841584  0.158104
0.851485  0.148233
0.861386  0.138359
0.871287  0.128484
0.881188  0.118607
0.891089  0.108728
0.90099  0.0988487
0.910891  0.0889678
0.920792  0.0790858
0.930693  0.0692028
0.940594  0.0593189
0.950495  0.0494342
0.960396  0.0395487
0.970297  0.0296626
0.980198  0.0197759
0.990099  0.0098887
1  0
