10 4.6e-06
10 3.1e-06
10 3.2e-06
10 3.1e-06
10 3e-06
10 2.9e-06
10 2.2e-06
10 2.2e-06
10 2.9e-06
10 2.1e-06
10 3e-06
10 3.2e-06
10 2.2e-06
10 2.7e-06
10 5.7e-06
10 2.1e-06
10 2.1e-06
10 3e-06
10 2.7e-06
10 2.8e-06
10 3e-06
10 2.7e-06
10 2.2e-06
10 3.1e-06
10 2.9e-06
10 3.1e-06
10 2.2e-06
10 2.7e-06
10 3e-06
10 2.9e-06
10 2.1e-06
10 2.8e-06
10 2.9e-06
10 2.8e-06
10 3.1e-06
10 3e-06
10 2.7e-06
10 2.8e-06
10 2.9e-06
10 2.3e-06
10 3e-06
10 8.02e-05
10 3.3e-06
10 2.7e-06
10 3e-06
10 2.8e-06
10 2.9e-06
10 3.1e-06
10 2.8e-06
10 3.1e-06
10 2.9e-06
10 3e-06
10 2.8e-06
10 2.9e-06
10 3.4e-06
10 2.8e-06
10 6.2e-06
10 3e-06
10 3e-06
10 3e-06
10 2.9e-06
10 2.9e-06
10 3.1e-06
10 6e-06
10 3e-06
10 3e-06
10 2.8e-06
10 2.8e-06
10 3e-06
10 2.9e-06
10 2.9e-06
10 2.8e-06
10 3.2e-06
10 4.5e-06
10 3e-06
10 2.9e-06
10 3.4e-06
10 4.5e-06
10 3.1e-06
10 2.8e-06
10 3.3e-06
10 4e-06
10 2.9e-06
10 2.8e-06
10 3.1e-06
10 3.1e-06
10 2.9e-06
10 2.7e-06
10 2.3e-06
10 5.7e-06
10 3.2e-06
10 3e-06
10 3e-06
10 2.9e-06
10 3e-06
10 3.2e-06
10 3e-06
10 2.9e-06
10 3e-06
10 2.8e-06
100 2.9e-05
100 1.66e-05
100 1.72e-05
100 1.04e-05
100 1.04e-05
100 1.02e-05
100 1.03e-05
100 1.66e-05
100 1.57e-05
100 1.04e-05
100 1.04e-05
100 1.02e-05
100 1.03e-05
100 1.04e-05
100 1.01e-05
100 1.65e-05
100 1.03e-05
100 1.63e-05
100 1.03e-05
100 1.58e-05
100 1.04e-05
100 1.04e-05
100 1.05e-05
100 1.78e-05
100 1.59e-05
100 1.03e-05
100 1.05e-05
100 1.06e-05
100 1.67e-05
100 1.56e-05
100 1.68e-05
100 1.85e-05
100 1.07e-05
100 1.69e-05
100 1.06e-05
100 1.04e-05
100 1.05e-05
100 1.03e-05
100 1.03e-05
100 1.56e-05
100 1.57e-05
100 1.03e-05
100 1.55e-05
100 1.57e-05
100 1.57e-05
100 1.61e-05
100 1.63e-05
100 1.03e-05
100 1.02e-05
100 1.67e-05
100 1.66e-05
100 1.67e-05
100 1.65e-05
100 1.67e-05
100 1.04e-05
100 1.68e-05
100 1.57e-05
100 1.62e-05
100 1.63e-05
100 1.07e-05
100 1.62e-05
100 1.7e-05
100 1.62e-05
100 1.04e-05
100 1.65e-05
100 1.65e-05
100 1.65e-05
100 1.59e-05
100 1.61e-05
100 1.66e-05
100 1.58e-05
100 1.06e-05
100 1.06e-05
100 1.61e-05
100 1.63e-05
100 1.05e-05
100 1.04e-05
100 1.66e-05
100 1.64e-05
100 1.06e-05
100 1.03e-05
100 1.65e-05
100 1.03e-05
100 1.03e-05
100 1.01e-05
100 1.65e-05
100 1.71e-05
100 1.05e-05
100 1.62e-05
100 1.65e-05
100 1.62e-05
100 1.63e-05
100 1.77e-05
100 1.61e-05
100 1.05e-05
100 1.63e-05
100 1.6e-05
100 1.7e-05
100 1.67e-05
100 1.58e-05
1000 0.0001877
1000 0.0001614
1000 0.0001972
1000 0.0001812
1000 0.0001816
1000 0.0001832
1000 0.0002013
1000 0.0001885
1000 0.0001872
1000 0.0001363
1000 0.0001222
1000 0.0001545
1000 0.0001946
1000 0.000126
1000 0.0001228
1000 0.0001218
1000 0.0001237
1000 0.0001945
1000 0.0001235
1000 0.0001223
1000 0.0001228
1000 0.0001985
1000 0.0001947
1000 0.0001837
1000 0.0001472
1000 0.0001218
1000 0.0001221
1000 0.0001911
1000 0.0001239
1000 0.0001219
1000 0.0001949
1000 0.0001225
1000 0.0001581
1000 0.0001236
1000 0.0001231
1000 0.0001247
1000 0.0001225
1000 0.000123
1000 0.0001916
1000 0.0001874
1000 0.0001979
1000 0.0001912
1000 0.0001816
1000 0.0001868
1000 0.0001415
1000 0.0001223
1000 0.000124
1000 0.0001231
1000 0.0001231
1000 0.0001225
1000 0.0001227
1000 0.0001336
1000 0.0001221
1000 0.0001213
1000 0.000121
1000 0.0001213
1000 0.0001211
1000 0.0001214
1000 0.0001216
1000 0.000124
1000 0.0001224
1000 0.0001209
1000 0.000121
1000 0.0001214
1000 0.0001614
1000 0.0001215
1000 0.0001211
1000 0.0001207
1000 0.0001211
1000 0.0001209
1000 0.0001203
1000 0.0001207
1000 0.0001208
1000 0.0001235
1000 0.0001223
1000 0.0001214
1000 0.000193
1000 0.0001942
1000 0.0001949
1000 0.0001863
1000 0.0001853
1000 0.0001863
1000 0.0001364
1000 0.0001843
1000 0.0001956
1000 0.0001901
1000 0.0001964
1000 0.0001947
1000 0.0001224
1000 0.0001225
1000 0.000122
1000 0.0001819
1000 0.000194
1000 0.000194
1000 0.0001222
1000 0.0001218
1000 0.0001214
1000 0.0001215
1000 0.0001211
1000 0.0001212
10000 0.001482
10000 0.0018209
10000 0.001793
10000 0.002018
10000 0.002054
10000 0.0013923
10000 0.0014888
10000 0.0022037
10000 0.0026329
10000 0.0022701
10000 0.0015956
10000 0.001779
10000 0.0019507
10000 0.00225
10000 0.0023191
10000 0.0016321
10000 0.0016953
10000 0.002107
10000 0.0043705
10000 0.0022804
10000 0.0016865
10000 0.0015027
10000 0.0018983
10000 0.0018932
10000 0.0015373
10000 0.001442
10000 0.0017426
10000 0.0032192
10000 0.0026983
10000 0.0014345
10000 0.0013925
10000 0.0015537
10000 0.0014109
10000 0.0021624
10000 0.0016213
10000 0.0013898
10000 0.0020451
10000 0.0014196
10000 0.0014127
10000 0.0013885
10000 0.001429
10000 0.0014412
10000 0.0021452
10000 0.0015015
10000 0.0014536
10000 0.0020434
10000 0.0017475
10000 0.0022724
10000 0.0021584
10000 0.002021
10000 0.0020433
10000 0.0014022
10000 0.0024073
10000 0.0021014
10000 0.0020371
10000 0.0021453
10000 0.0014609
10000 0.001767
10000 0.0026661
10000 0.0014909
10000 0.0016593
10000 0.0015761
10000 0.0017341
10000 0.0015008
10000 0.0014347
10000 0.0015063
10000 0.0014146
10000 0.0014711
10000 0.0014313
10000 0.0014221
10000 0.0013789
10000 0.0021435
10000 0.001406
10000 0.0017844
10000 0.0014012
10000 0.001396
10000 0.0013921
10000 0.0014814
10000 0.0013988
10000 0.0013852
10000 0.0014595
10000 0.0013778
10000 0.0013769
10000 0.0013902
10000 0.0014019
10000 0.0013745
10000 0.0014068
10000 0.0017977
10000 0.00145
10000 0.0014175
10000 0.0013879
10000 0.0013822
10000 0.0015281
10000 0.0014246
10000 0.001398
10000 0.0017733
10000 0.0014204
10000 0.0014048
10000 0.001406
10000 0.0017682
