10 4.76e-05
10 3.7e-06
10 3.6e-06
10 6e-06
10 3.5e-06
10 2.4e-06
10 2.2e-06
10 2e-06
10 1.9e-06
10 3.2e-06
10 3e-06
10 3e-06
10 3.1e-06
10 2e-06
10 2.9e-06
10 2.7e-06
10 4.9e-06
10 3.3e-06
10 2e-06
10 2e-06
10 2.9e-06
10 2.9e-06
10 2e-06
10 2e-06
10 2e-06
10 2e-06
10 2.8e-06
10 2e-06
10 2.8e-06
10 2e-06
10 2.7e-06
10 2.9e-06
10 4.7e-06
10 2.8e-06
10 2.7e-06
10 2.8e-06
10 2.8e-06
10 5.3e-06
10 2.8e-06
10 2.6e-06
10 1.9e-06
10 5.3e-06
10 2.9e-06
10 3.1e-06
10 2.7e-06
10 2.1e-06
10 4.7e-06
10 1.9e-06
10 2.9e-06
10 2e-06
10 2.9e-06
10 4.6e-06
10 2.7e-06
10 2.8e-06
10 2.9e-06
10 2.3e-06
10 2.8e-06
10 3.1e-06
10 2.7e-06
10 2e-06
10 4.4e-06
10 2e-06
10 2.7e-06
10 2.9e-06
10 5.1e-06
10 2.9e-06
10 3.1e-06
10 2.8e-06
10 4.8e-06
10 1.9e-06
10 2.9e-06
10 2.9e-06
10 2.8e-06
10 2.7e-06
10 2.8e-06
10 2.8e-06
10 2.9e-06
10 2.8e-06
10 5e-06
10 2.8e-06
10 2e-06
10 2.6e-06
10 2.8e-06
10 2.8e-06
10 3.1e-06
10 2.1e-06
10 2e-06
10 2.8e-06
10 2.9e-06
10 1.9e-06
10 3.1e-06
10 2e-06
10 3.1e-06
10 4.8e-06
10 2.6e-06
10 2.8e-06
10 4.9e-06
10 1.9e-06
10 3e-06
10 2.8e-06
100 1.62e-05
100 1.76e-05
100 3.7e-05
100 1.64e-05
100 1.47e-05
100 1.51e-05
100 1.6e-05
100 1.15e-05
100 1.69e-05
100 1.05e-05
100 1.45e-05
100 1.61e-05
100 1.37e-05
100 1.56e-05
100 1.56e-05
100 1.64e-05
100 1.65e-05
100 1.71e-05
100 1.68e-05
100 1.65e-05
100 1.67e-05
100 1.87e-05
100 1.5e-05
100 1.63e-05
100 1.55e-05
100 1.62e-05
100 1.1e-05
100 1.6e-05
100 1.06e-05
100 1.54e-05
100 1.04e-05
100 1.02e-05
100 1.07e-05
100 1.04e-05
100 1.03e-05
100 1.03e-05
100 1.02e-05
100 1.03e-05
100 1.02e-05
100 1.03e-05
100 1.03e-05
100 1.03e-05
100 1.55e-05
100 1.44e-05
100 1.65e-05
100 1.1e-05
100 1.53e-05
100 1.06e-05
100 1.03e-05
100 1.49e-05
100 1.53e-05
100 1.03e-05
100 1.67e-05
100 1.11e-05
100 1.57e-05
100 1.54e-05
100 1.1e-05
100 1.5e-05
100 1.53e-05
100 1.08e-05
100 1.48e-05
100 1.52e-05
100 1.09e-05
100 1.45e-05
100 1.09e-05
100 1.61e-05
100 1.66e-05
100 1.56e-05
100 1.63e-05
100 1.51e-05
100 1.63e-05
100 1.38e-05
100 1.49e-05
100 1.58e-05
100 1.49e-05
100 1.66e-05
100 1.61e-05
100 1.04e-05
100 1.04e-05
100 1.03e-05
100 1.04e-05
100 1.72e-05
100 1.55e-05
100 1.59e-05
100 1.08e-05
100 1.61e-05
100 1.04e-05
100 1.47e-05
100 1.73e-05
100 1.62e-05
100 1.69e-05
100 1.11e-05
100 1.02e-05
100 1.09e-05
100 1.02e-05
100 1.01e-05
100 1.02e-05
100 1e-05
100 1.01e-05
100 1.01e-05
1000 0.0001618
1000 0.000192
1000 0.0001393
1000 8.95e-05
1000 0.0001105
1000 8.84e-05
1000 0.0001363
1000 0.0001395
1000 0.0001388
1000 0.0001364
1000 0.0001323
1000 8.85e-05
1000 8.81e-05
1000 8.89e-05
1000 9.88e-05
1000 9.68e-05
1000 0.0001371
1000 0.0001362
1000 0.0001368
1000 0.0001365
1000 0.0001295
1000 8.85e-05
1000 0.0001443
1000 8.86e-05
1000 0.000137
1000 8.89e-05
1000 0.0001712
1000 0.0001424
1000 0.0001331
1000 0.0001373
1000 0.0001023
1000 8.81e-05
1000 0.0001322
1000 0.0001332
1000 0.0001325
1000 0.0001407
1000 0.0001374
1000 0.0001364
1000 8.88e-05
1000 0.0001017
1000 0.0001438
1000 0.0001235
1000 0.0001378
1000 0.0001409
1000 0.0001322
1000 0.0001406
1000 0.0001477
1000 0.0001266
1000 0.000154
1000 8.91e-05
1000 8.83e-05
1000 8.85e-05
1000 0.0001375
1000 8.92e-05
1000 0.0001372
1000 9.58e-05
1000 8.81e-05
1000 0.0001328
1000 0.0001085
1000 0.0001303
1000 8.9e-05
1000 0.0001356
1000 0.0001396
1000 0.0001413
1000 0.0001367
1000 0.000128
1000 0.0001338
1000 0.0001338
1000 0.0001363
1000 0.0001379
1000 0.0001007
1000 8.91e-05
1000 8.85e-05
1000 8.88e-05
1000 8.84e-05
1000 0.0001392
1000 0.0001378
1000 0.0001344
1000 8.87e-05
1000 8.81e-05
1000 0.0001402
1000 8.92e-05
1000 0.0001209
1000 9.43e-05
1000 9.01e-05
1000 8.91e-05
1000 8.87e-05
1000 8.84e-05
1000 8.82e-05
1000 8.83e-05
1000 8.83e-05
1000 8.84e-05
1000 8.82e-05
1000 8.82e-05
1000 8.81e-05
1000 8.8e-05
1000 8.82e-05
1000 8.83e-05
1000 8.82e-05
1000 0.0001443
10000 0.0012067
10000 0.001565
10000 0.0016419
10000 0.0010836
10000 0.0010652
10000 0.0010823
10000 0.0010881
10000 0.0010868
10000 0.0010601
10000 0.0011103
10000 0.0017639
10000 0.0016624
10000 0.0016785
10000 0.0016379
10000 0.0016363
10000 0.0013544
10000 0.0017032
10000 0.0010938
10000 0.0017168
10000 0.0016454
10000 0.0013166
10000 0.0010649
10000 0.0017495
10000 0.0011094
10000 0.0010684
10000 0.0011755
10000 0.0014419
10000 0.0010762
10000 0.0016905
10000 0.0010713
10000 0.0010632
10000 0.0011202
10000 0.0010688
10000 0.0010977
10000 0.0010902
10000 0.0010606
10000 0.0015343
10000 0.0010668
10000 0.0010738
10000 0.0010971
10000 0.0010805
10000 0.0010634
10000 0.0014401
10000 0.0010621
10000 0.0016821
10000 0.0016568
10000 0.0018313
10000 0.0019757
10000 0.0011429
10000 0.0015607
10000 0.0014444
10000 0.0015866
10000 0.0016196
10000 0.0015932
10000 0.0020947
10000 0.0017326
10000 0.0011409
10000 0.0011184
10000 0.0017458
10000 0.0014484
10000 0.0016936
10000 0.0015081
10000 0.0010886
10000 0.0017129
10000 0.0017412
10000 0.0016779
10000 0.0011408
10000 0.0011668
10000 0.0011694
10000 0.0010872
10000 0.0017084
10000 0.0014194
10000 0.001166
10000 0.0017801
10000 0.00128
10000 0.0018041
10000 0.0016413
10000 0.0010998
10000 0.0017035
10000 0.0016656
10000 0.0010712
10000 0.0010591
10000 0.0010881
10000 0.001667
10000 0.0016111
10000 0.0016837
10000 0.0016121
10000 0.0013764
10000 0.001619
10000 0.0010602
10000 0.0017349
10000 0.0015997
10000 0.001711
10000 0.0016564
10000 0.0011026
10000 0.001075
10000 0.0010749
10000 0.001064
10000 0.0010663
10000 0.001522
